# columns = ['i', 'j', 'weight', 'delay']
41.0	0.0	0.0010413041117765048	2.0
60.0	0.0	0.00043024897806383716	2.0
99.0	0.0	0.0014488821539573684	2.0
24.0	0.0	0.0002487619149381773	2.0
8.0	0.0	0.0012753237175490524	2.0
68.0	0.0	0.0011575794981514068	2.0
23.0	0.0	0.0009553402567857494	2.0
69.0	0.0	0.002055679973011373	2.0
21.0	0.0	0.0009318376032048737	2.0
29.0	0.0	0.00021017295236970573	2.0
12.0	1.0	0.0023065014708485215	2.0
11.0	1.0	0.0021532517596804445	2.0
19.0	1.0	8.499836050949728e-06	2.0
82.0	1.0	0.00040190551200787407	2.0
10.0	1.0	0.00142451686554682	2.0
97.0	1.0	0.002369275442934426	2.0
85.0	1.0	0.0004279683758190514	2.0
92.0	1.0	0.0021828341854822067	2.0
36.0	1.0	0.000975921043729412	2.0
18.0	1.0	0.0010516916546532825	2.0
56.0	2.0	0.0017522258432742502	2.0
84.0	2.0	0.00023598364419982642	2.0
11.0	2.0	0.002104928533255302	2.0
59.0	2.0	0.001444114090192193	2.0
76.0	2.0	0.0014972263443823281	2.0
94.0	2.0	0.00015191114468265736	2.0
41.0	2.0	0.0008150990965029298	2.0
25.0	2.0	3.476645863633027e-05	2.0
87.0	2.0	0.0006378087025077265	2.0
83.0	2.0	0.0002320865188568086	2.0
25.0	3.0	0.0016908736155720283	2.0
14.0	3.0	0.002369858041516343	2.0
73.0	3.0	0.0024286725285704446	2.0
22.0	3.0	0.0013342492996431074	2.0
44.0	3.0	0.00027145285328505464	2.0
30.0	3.0	0.00042338379632704873	2.0
75.0	3.0	0.0020710531193572214	2.0
81.0	3.0	0.0006295854921911109	2.0
2.0	3.0	0.001689581076236433	2.0
13.0	3.0	0.0024406932111610503	2.0
95.0	4.0	0.002336153722272902	2.0
72.0	4.0	0.0013035260238705671	2.0
45.0	4.0	0.00232695734854255	2.0
21.0	4.0	0.002129662921816198	2.0
52.0	4.0	7.968479438556054e-05	2.0
51.0	4.0	0.0004905608735635811	2.0
5.0	4.0	0.0011368178382052576	2.0
31.0	4.0	0.001437933947798091	2.0
70.0	4.0	0.0016578150970442736	2.0
88.0	4.0	0.0009533215604853743	2.0
6.0	5.0	0.0008101355594141072	2.0
26.0	5.0	0.0005933414208014162	2.0
37.0	5.0	0.000183102895258076	2.0
93.0	5.0	0.001930658686241852	2.0
49.0	5.0	0.0006582191019039813	2.0
89.0	5.0	0.001308497089804622	2.0
15.0	5.0	0.0023481078776839766	2.0
0.0	5.0	0.0013938937967137694	2.0
3.0	5.0	0.0006105352451379861	2.0
98.0	5.0	6.804256354270344e-05	2.0
5.0	6.0	0.0012560226557174381	2.0
47.0	6.0	0.0009225310250761423	2.0
49.0	6.0	0.0015733491999379116	2.0
51.0	6.0	0.0010284861085920855	2.0
93.0	6.0	0.0005343187732536322	2.0
11.0	6.0	0.001423475299221033	2.0
33.0	6.0	0.0011587741055074316	2.0
75.0	6.0	0.0012756536867310955	2.0
23.0	6.0	0.0003628067634083859	2.0
78.0	6.0	0.00033104285452967535	2.0
4.0	7.0	0.0003344102496932844	2.0
82.0	7.0	0.0006581838385640409	2.0
24.0	7.0	0.0019450125657765897	2.0
42.0	7.0	0.002283853759756843	2.0
3.0	7.0	0.0015647382942516914	2.0
40.0	7.0	0.002028806789767162	2.0
56.0	7.0	0.0011673611101732184	2.0
20.0	7.0	0.0019038846396326997	2.0
69.0	7.0	0.00045410751624370055	2.0
23.0	7.0	0.00246645667305485	2.0
81.0	8.0	0.0010104555851747877	2.0
12.0	8.0	0.0021442423153162234	2.0
22.0	8.0	0.0015827777441642496	2.0
58.0	8.0	0.0004875669260834534	2.0
86.0	8.0	0.0007467728620134206	2.0
51.0	8.0	0.0004834755269844257	2.0
53.0	8.0	0.001206164377808846	2.0
30.0	8.0	0.0009421288025797769	2.0
19.0	8.0	0.0009597514750267928	2.0
99.0	8.0	0.0019493088073267802	2.0
26.0	9.0	0.00024675990495894804	2.0
56.0	9.0	0.0006256085203208317	2.0
44.0	9.0	0.0017189415028259869	2.0
88.0	9.0	0.0012581614702960149	2.0
19.0	9.0	0.002189222648303279	2.0
43.0	9.0	0.0014966247996138667	2.0
60.0	9.0	0.0012746311714540235	2.0
70.0	9.0	0.00035584744392030493	2.0
99.0	9.0	0.0006592271621803305	2.0
30.0	9.0	0.0007794751079007301	2.0
55.0	10.0	0.0003571805043846346	2.0
35.0	10.0	0.0009624262008835197	2.0
69.0	10.0	0.0007984615243165816	2.0
48.0	10.0	3.418019600694128e-05	2.0
61.0	10.0	0.002312844223386571	2.0
28.0	10.0	0.0011474194487981735	2.0
63.0	10.0	0.0001665131155832328	2.0
51.0	10.0	0.002026892134078262	2.0
46.0	10.0	0.0020178771134266096	2.0
37.0	10.0	0.0024127752755872603	2.0
14.0	11.0	0.00041490689632637384	2.0
28.0	11.0	0.0010429656583564003	2.0
92.0	11.0	0.0022264051679665563	2.0
32.0	11.0	0.0003798794064679548	2.0
8.0	11.0	0.002431521330337566	2.0
47.0	11.0	0.0020311973751629283	2.0
70.0	11.0	0.002487646130351465	2.0
52.0	11.0	0.0010813199392863317	2.0
27.0	11.0	0.0008165427104401654	2.0
23.0	11.0	0.0020832593935098927	2.0
29.0	12.0	0.0010900995987301607	2.0
3.0	12.0	0.0008258831872567124	2.0
44.0	12.0	0.0011028196100802985	2.0
53.0	12.0	0.0021587489085561026	2.0
40.0	12.0	0.0010341154548877427	2.0
9.0	12.0	0.0006999391152076945	2.0
75.0	12.0	0.0005885301926374384	2.0
63.0	12.0	0.0013315068836344671	2.0
45.0	12.0	0.002212779209430962	2.0
37.0	12.0	0.0005994757290248581	2.0
90.0	13.0	0.001472095664226916	2.0
58.0	13.0	0.0018303119494953893	2.0
28.0	13.0	0.0013985938742119126	2.0
51.0	13.0	0.0011218111902759134	2.0
54.0	13.0	0.0021910317378312596	2.0
92.0	13.0	0.0013308357808807113	2.0
96.0	13.0	0.001409241974495144	2.0
84.0	13.0	0.0011923119780632872	2.0
18.0	13.0	0.0013226344049374218	2.0
39.0	13.0	0.0001116180245378104	2.0
59.0	14.0	0.0021627951668706747	2.0
0.0	14.0	0.0010405794014300377	2.0
28.0	14.0	0.0004661038963240791	2.0
3.0	14.0	0.0018602940333983958	2.0
17.0	14.0	0.0018431200595442215	2.0
21.0	14.0	0.0023796265636849587	2.0
85.0	14.0	7.57389150117016e-05	2.0
68.0	14.0	0.0017184146390249056	2.0
49.0	14.0	0.0017924004632429874	2.0
55.0	14.0	8.984568753788725e-05	2.0
7.0	15.0	0.0003354206759984085	2.0
58.0	15.0	0.00036776717329467995	2.0
26.0	15.0	0.0018632670215455326	2.0
29.0	15.0	0.0007926009652906565	2.0
9.0	15.0	0.0012072362565949974	2.0
95.0	15.0	0.0013593642944446946	2.0
91.0	15.0	0.0012123587594214957	2.0
6.0	15.0	0.0003062387386555193	2.0
57.0	15.0	0.002099933676308679	2.0
98.0	15.0	0.001381900867045967	2.0
32.0	16.0	0.0010904914724224554	2.0
43.0	16.0	0.0012404530716970308	2.0
20.0	16.0	0.0021054169540747764	2.0
60.0	16.0	0.00020366685262842243	2.0
28.0	16.0	0.002066324927903705	2.0
97.0	16.0	0.002250990526862079	2.0
83.0	16.0	0.001815007127334903	2.0
42.0	16.0	0.0019367197130612658	2.0
9.0	16.0	0.001818723319361896	2.0
36.0	16.0	0.0014249775543270472	2.0
0.0	17.0	0.001102385341515844	2.0
27.0	17.0	0.0003055254179701322	2.0
70.0	17.0	0.0015368717409621983	2.0
46.0	17.0	0.0018139178608732385	2.0
94.0	17.0	0.0016370647667258238	2.0
5.0	17.0	0.0007595333417497305	2.0
35.0	17.0	0.0020571395075221384	2.0
78.0	17.0	0.002164213490314473	2.0
40.0	17.0	0.00044370611739893734	2.0
42.0	17.0	0.00021029882926082517	2.0
10.0	18.0	0.001460464669482913	2.0
59.0	18.0	0.0007980700993250079	2.0
41.0	18.0	0.0002931264699386846	2.0
28.0	18.0	0.001537440476753853	2.0
27.0	18.0	0.0020586379296956233	2.0
62.0	18.0	0.00034798883402646	2.0
86.0	18.0	0.0011655013152852747	2.0
17.0	18.0	0.0019621443824784555	2.0
50.0	18.0	8.954340587219111e-05	2.0
77.0	18.0	0.002387310566001021	2.0
12.0	19.0	0.0023873233367047155	2.0
50.0	19.0	0.0006110007909456863	2.0
29.0	19.0	0.0009489546595837445	2.0
64.0	19.0	0.00018404299359694372	2.0
42.0	19.0	0.0019315228975883406	2.0
18.0	19.0	0.002149581559847668	2.0
63.0	19.0	0.0014826449652393867	2.0
56.0	19.0	0.0013385832540026056	2.0
48.0	19.0	0.0010039066640655642	2.0
3.0	19.0	0.001904773720093369	2.0
64.0	20.0	1.5854541049805938e-05	2.0
34.0	20.0	0.002032365563283736	2.0
99.0	20.0	0.000509970073592974	2.0
43.0	20.0	0.00018189811448961118	2.0
35.0	20.0	0.001305647387904971	2.0
2.0	20.0	0.0009270688409353986	2.0
81.0	20.0	0.0021789449799909373	2.0
74.0	20.0	0.0022389615764521315	2.0
0.0	20.0	0.0021181954123977212	2.0
86.0	20.0	0.00026429703130750464	2.0
17.0	21.0	0.00040032958173621237	2.0
38.0	21.0	0.0019108105817924536	2.0
72.0	21.0	0.0006444655794979395	2.0
54.0	21.0	0.0023618524440294124	2.0
65.0	21.0	0.0020555141179272704	2.0
10.0	21.0	0.0013970661737211362	2.0
30.0	21.0	0.0021748009324061785	2.0
14.0	21.0	0.002422628603080112	2.0
79.0	21.0	0.001680130203102219	2.0
23.0	21.0	0.001334440260814484	2.0
61.0	22.0	0.0002833278395015368	2.0
19.0	22.0	0.0005097575634780077	2.0
16.0	22.0	0.001389001278170631	2.0
41.0	22.0	0.0015024050066922766	2.0
92.0	22.0	0.0004560827542650106	2.0
72.0	22.0	0.0020739958415608873	2.0
46.0	22.0	0.0015086721838896637	2.0
98.0	22.0	0.000828204757575389	2.0
7.0	22.0	0.0001549955712155793	2.0
97.0	22.0	0.0020116442561233937	2.0
22.0	23.0	0.002461765099490099	2.0
73.0	23.0	0.0008456146009740637	2.0
74.0	23.0	0.00015270206486557968	2.0
39.0	23.0	0.0004753156903023018	2.0
29.0	23.0	0.0013431558354368661	2.0
18.0	23.0	0.0003380318630074214	2.0
60.0	23.0	0.0020681289864552406	2.0
84.0	23.0	0.00046598240375056416	2.0
42.0	23.0	0.0011601323193850732	2.0
37.0	23.0	0.0009648904244982687	2.0
44.0	24.0	0.000505159899208612	2.0
7.0	24.0	0.0015667384392796793	2.0
15.0	24.0	0.0018231060838051235	2.0
5.0	24.0	0.0010065000854798743	2.0
53.0	24.0	0.00016857214811771826	2.0
20.0	24.0	7.018816641415904e-05	2.0
71.0	24.0	0.00010737012212857721	2.0
37.0	24.0	0.00231992288773714	2.0
99.0	24.0	0.0014479459253544716	2.0
54.0	24.0	0.0015802217157673605	2.0
2.0	25.0	0.00012004450864869316	2.0
28.0	25.0	0.0008118388916024725	2.0
71.0	25.0	0.0009764722088064448	2.0
44.0	25.0	0.002016574466187143	2.0
77.0	25.0	0.0012936300545233034	2.0
58.0	25.0	0.0018167890293905296	2.0
42.0	25.0	0.0012975851688093137	2.0
10.0	25.0	0.002344313916597559	2.0
31.0	25.0	0.0014870284759214913	2.0
89.0	25.0	2.8578608564541476e-05	2.0
41.0	26.0	0.0023893871901973225	2.0
71.0	26.0	0.00199655777871169	2.0
90.0	26.0	0.0018584599066751365	2.0
98.0	26.0	0.0010694432043126844	2.0
46.0	26.0	0.00023118014311204055	2.0
30.0	26.0	0.0024779312600580624	2.0
5.0	26.0	0.0019755557239791496	2.0
95.0	26.0	0.001343958502697953	2.0
13.0	26.0	0.0009287223868117914	2.0
17.0	26.0	0.0012680756321996414	2.0
26.0	27.0	0.0016733882853324237	2.0
60.0	27.0	0.0017138985018915402	2.0
13.0	27.0	0.0001843121505200543	2.0
14.0	27.0	0.001264856883389589	2.0
69.0	27.0	0.0015947712836565462	2.0
32.0	27.0	0.002196147284876838	2.0
73.0	27.0	0.0004616816953274619	2.0
40.0	27.0	0.0011408939469697264	2.0
45.0	27.0	0.0008626092812687664	2.0
75.0	27.0	5.0731811885685044e-05	2.0
32.0	28.0	0.0009674154611060911	2.0
25.0	28.0	0.0022589300704435053	2.0
83.0	28.0	0.0007594183968901055	2.0
34.0	28.0	0.0020678023603545974	2.0
54.0	28.0	0.0007567277192994143	2.0
49.0	28.0	0.0024004166877272374	2.0
97.0	28.0	8.403790894312702e-05	2.0
70.0	28.0	0.001825354160309719	2.0
62.0	28.0	0.00017021665480818182	2.0
81.0	28.0	0.0014720027748986871	2.0
82.0	29.0	0.0018250077167644159	2.0
13.0	29.0	0.0009979950189374434	2.0
20.0	29.0	0.0002527036572580782	2.0
70.0	29.0	0.002371495669962454	2.0
83.0	29.0	0.0012166705116106993	2.0
49.0	29.0	0.000777054498106971	2.0
78.0	29.0	0.0009557373367469929	2.0
35.0	29.0	0.0011525263383818053	2.0
90.0	29.0	0.0016733721948480394	2.0
48.0	29.0	0.0003617214220494969	2.0
66.0	30.0	0.0021016249941310113	2.0
71.0	30.0	0.0019933315325907823	2.0
69.0	30.0	0.00011072069504602267	2.0
51.0	30.0	0.0011763863183117556	2.0
80.0	30.0	0.0013288230811537096	2.0
29.0	30.0	0.0023065605133649417	2.0
49.0	30.0	0.002111364672177652	2.0
9.0	30.0	0.0008732993577403284	2.0
19.0	30.0	0.0011698000391250618	2.0
50.0	30.0	0.0023276036864288323	2.0
9.0	31.0	0.0008221469623521402	2.0
25.0	31.0	0.001512845489184019	2.0
40.0	31.0	0.0005540169073127685	2.0
55.0	31.0	0.0014492013725738498	2.0
58.0	31.0	9.19882099760691e-05	2.0
24.0	31.0	0.0019858369103950787	2.0
54.0	31.0	0.0021430667838943907	2.0
20.0	31.0	0.001367398209314188	2.0
99.0	31.0	0.0013583990294987881	2.0
90.0	31.0	0.00080177706813374	2.0
85.0	32.0	0.00017438176732573112	2.0
58.0	32.0	0.0001920513406781771	2.0
69.0	32.0	2.9127071928946314e-05	2.0
86.0	32.0	0.0015305857122972575	2.0
88.0	32.0	0.0012951928453585919	2.0
55.0	32.0	0.0018696699973978022	2.0
94.0	32.0	0.0015451636135293853	2.0
46.0	32.0	0.002409958248890624	2.0
60.0	32.0	0.0008414420787817748	2.0
35.0	32.0	0.001923832912142662	2.0
19.0	33.0	0.0005716391386078864	2.0
24.0	33.0	0.00116967694641074	2.0
21.0	33.0	0.0009619603380383129	2.0
53.0	33.0	0.0022586928900231386	2.0
50.0	33.0	0.0004264002718797891	2.0
82.0	33.0	0.002216392885062178	2.0
44.0	33.0	0.0010584331309201197	2.0
33.0	33.0	4.187254123538348e-05	2.0
47.0	33.0	0.0018727118738201748	2.0
56.0	33.0	0.002229113415711661	2.0
99.0	34.0	0.002379812551323682	2.0
28.0	34.0	0.001611930284083447	2.0
25.0	34.0	0.0003386027683041537	2.0
53.0	34.0	0.0017282620410936258	2.0
22.0	34.0	0.0016734302986513739	2.0
18.0	34.0	0.0018135925098307366	2.0
76.0	34.0	0.0022951213100332003	2.0
94.0	34.0	0.002198506031873489	2.0
67.0	34.0	0.0010294632718140975	2.0
27.0	34.0	0.0014568524787302317	2.0
47.0	35.0	0.0022018055238669887	2.0
3.0	35.0	0.0017091717736380904	2.0
26.0	35.0	0.002296117199904437	2.0
34.0	35.0	0.0011438619059020677	2.0
27.0	35.0	0.001585690891465761	2.0
5.0	35.0	0.001301206738038316	2.0
12.0	35.0	0.0024535682340518397	2.0
61.0	35.0	0.002442123271890898	2.0
57.0	35.0	0.0016289742561815352	2.0
96.0	35.0	0.0006429813169136775	2.0
35.0	36.0	0.00012678742745634325	2.0
48.0	36.0	0.000750553924839279	2.0
86.0	36.0	0.0023167334466674123	2.0
16.0	36.0	0.0012485546125910638	2.0
89.0	36.0	0.0018088874769771708	2.0
3.0	36.0	0.001882866021707467	2.0
31.0	36.0	0.0011018787428317997	2.0
1.0	36.0	0.001683483208678308	2.0
96.0	36.0	0.00036745752390410447	2.0
81.0	36.0	0.00031911453084702504	2.0
48.0	37.0	4.2410117622429526e-05	2.0
11.0	37.0	0.0024768706666477985	2.0
54.0	37.0	0.0009259568930415569	2.0
8.0	37.0	0.0014178077213577017	2.0
63.0	37.0	0.0005033873348001153	2.0
74.0	37.0	0.0012862856142548315	2.0
17.0	37.0	0.0009052397602901782	2.0
44.0	37.0	0.0010729319544701054	2.0
38.0	37.0	0.001172696829519126	2.0
98.0	37.0	0.0010050109171149259	2.0
48.0	38.0	0.000736044838724248	2.0
25.0	38.0	0.0002979275968565953	2.0
95.0	38.0	0.0020516936603266513	2.0
67.0	38.0	0.0009400910483932373	2.0
37.0	38.0	8.688942485701512e-05	2.0
35.0	38.0	0.0017570664287665761	2.0
1.0	38.0	0.0018244847524423813	2.0
58.0	38.0	0.0003396361680051421	2.0
15.0	38.0	0.00044545398632514553	2.0
29.0	38.0	0.002437427513658744	2.0
85.0	39.0	0.00018450831986086103	2.0
10.0	39.0	0.0022121277396352354	2.0
60.0	39.0	0.00034019078761024003	2.0
44.0	39.0	0.002286804381067081	2.0
72.0	39.0	0.0021429358425811883	2.0
5.0	39.0	0.0024957593267755326	2.0
29.0	39.0	0.002196509054093757	2.0
26.0	39.0	0.002401642907641624	2.0
34.0	39.0	0.0008686676172079608	2.0
11.0	39.0	0.0013327605872357226	2.0
10.0	40.0	0.000731652291349095	2.0
74.0	40.0	0.0011780574314107415	2.0
16.0	40.0	0.0006168524202538465	2.0
20.0	40.0	0.00014025565338461916	2.0
70.0	40.0	0.0006028022344687623	2.0
69.0	40.0	0.0001595820509453727	2.0
60.0	40.0	0.0024491899496747347	2.0
87.0	40.0	0.0014283008092929503	2.0
80.0	40.0	0.0015488243807229493	2.0
94.0	40.0	0.0022545652321816607	2.0
80.0	41.0	0.002191787338722986	2.0
73.0	41.0	0.0013676684219712245	2.0
27.0	41.0	0.0007613020952945041	2.0
61.0	41.0	0.001749778902021809	2.0
78.0	41.0	0.00011288145074917932	2.0
5.0	41.0	0.0003293546981800066	2.0
56.0	41.0	0.0016650465658347427	2.0
0.0	41.0	0.0003681076434739386	2.0
94.0	41.0	0.0011183479018849066	2.0
48.0	41.0	0.0012974950507557864	2.0
43.0	42.0	0.000323827254299765	2.0
66.0	42.0	0.0017054600822613711	2.0
30.0	42.0	0.0012441099189655742	2.0
83.0	42.0	0.0007145000992110096	2.0
33.0	42.0	0.0005912534246511889	2.0
27.0	42.0	0.0023402551264681466	2.0
44.0	42.0	0.0014466237007723945	2.0
39.0	42.0	0.0012942884827609822	2.0
8.0	42.0	0.0024070234144498008	2.0
94.0	42.0	0.0001758469791646905	2.0
63.0	43.0	0.002082915839867241	2.0
75.0	43.0	0.0009924634405883283	2.0
44.0	43.0	0.0011739896356660676	2.0
2.0	43.0	0.001608800709952933	2.0
15.0	43.0	0.0014193237829954867	2.0
34.0	43.0	0.0024128914585456987	2.0
88.0	43.0	0.00019324111977099046	2.0
68.0	43.0	0.00015242367236918713	2.0
83.0	43.0	0.0021726735077667696	2.0
70.0	43.0	0.0004915232392572427	2.0
35.0	44.0	0.0009499073678957923	2.0
68.0	44.0	0.00012652761776800914	2.0
57.0	44.0	0.0023570762465976885	2.0
60.0	44.0	0.0018859196275724027	2.0
44.0	44.0	0.00037566780856592097	2.0
78.0	44.0	0.00092073733125596	2.0
59.0	44.0	0.0022721528112755176	2.0
80.0	44.0	0.00021646779508701337	2.0
67.0	44.0	0.0013943465146216407	2.0
98.0	44.0	0.002089257671878784	2.0
41.0	45.0	0.0006454537375612376	2.0
3.0	45.0	0.0013928661105516305	2.0
99.0	45.0	0.0016094738671327269	2.0
50.0	45.0	0.0005419827320290844	2.0
61.0	45.0	0.00022623632930672183	2.0
40.0	45.0	0.00044317518214923886	2.0
44.0	45.0	0.0005673862192052026	2.0
51.0	45.0	0.0016030192740863875	2.0
18.0	45.0	0.0021954747413754777	2.0
21.0	45.0	0.0019998942045418005	2.0
70.0	46.0	0.0017610404123243651	2.0
88.0	46.0	0.0007586523111820978	2.0
67.0	46.0	0.0007281463818347814	2.0
31.0	46.0	0.002048241507905016	2.0
63.0	46.0	0.0010834052072401206	2.0
79.0	46.0	0.0013885708384101254	2.0
72.0	46.0	0.0006519380970163249	2.0
37.0	46.0	0.0021874734789633023	2.0
52.0	46.0	0.0016764398130562734	2.0
68.0	46.0	0.001306266963018784	2.0
3.0	47.0	0.0007382034715072527	2.0
15.0	47.0	0.00048113810080605224	2.0
24.0	47.0	5.1738112669644236e-05	2.0
93.0	47.0	0.0017949933390084519	2.0
84.0	47.0	0.0021051821002697644	2.0
57.0	47.0	0.0009304753120625758	2.0
6.0	47.0	0.002372756389452752	2.0
34.0	47.0	0.00180630910094933	2.0
17.0	47.0	0.0004789469402760982	2.0
95.0	47.0	0.0011448657800722064	2.0
80.0	48.0	0.00012797550515958572	2.0
13.0	48.0	7.751057398896172e-05	2.0
85.0	48.0	0.0005628093381630114	2.0
50.0	48.0	0.0024430946679087073	2.0
4.0	48.0	0.00029149780228014677	2.0
15.0	48.0	6.228817646278529e-05	2.0
84.0	48.0	0.0016082941605129366	2.0
12.0	48.0	0.0018273476465347671	2.0
33.0	48.0	0.00239140418653774	2.0
71.0	48.0	0.0010293389210360687	2.0
13.0	49.0	0.001597044921043082	2.0
54.0	49.0	0.0012950909058288484	2.0
41.0	49.0	0.0001090263509976494	2.0
24.0	49.0	0.0002990830171247225	2.0
8.0	49.0	0.0022299810558746255	2.0
63.0	49.0	0.0019349677903448207	2.0
26.0	49.0	0.0015236097518639647	2.0
58.0	49.0	0.002365750453567943	2.0
68.0	49.0	0.001388015385299025	2.0
83.0	49.0	0.0011629676462286149	2.0
61.0	50.0	0.0021559440947432965	2.0
77.0	50.0	0.0012457221200268718	2.0
41.0	50.0	0.0004001043559792084	2.0
66.0	50.0	0.0009383479570951561	2.0
1.0	50.0	0.001154021590252961	2.0
98.0	50.0	0.0014090004270236284	2.0
90.0	50.0	0.00011788314193070388	2.0
35.0	50.0	0.001522142272968831	2.0
31.0	50.0	0.001732421199668271	2.0
83.0	50.0	0.0022547659588907894	2.0
84.0	51.0	0.0024773149704682544	2.0
12.0	51.0	0.00048338797094699934	2.0
64.0	51.0	0.00015683498393142842	2.0
67.0	51.0	0.0016550063402870575	2.0
29.0	51.0	0.0016569684959340154	2.0
39.0	51.0	0.0009464031342253082	2.0
54.0	51.0	0.0013783444985376245	2.0
45.0	51.0	0.0020114707914139075	2.0
31.0	51.0	0.0006278872450492906	2.0
86.0	51.0	0.001471598634912157	2.0
27.0	52.0	0.0002529726233108634	2.0
64.0	52.0	0.000545013547979791	2.0
48.0	52.0	0.0003246553416265488	2.0
32.0	52.0	0.0016613779427285872	2.0
37.0	52.0	0.0007078032997641748	2.0
95.0	52.0	0.0021866543336445414	2.0
23.0	52.0	0.001563310690277877	2.0
47.0	52.0	0.0013325300832034604	2.0
49.0	52.0	0.0009737479188222301	2.0
5.0	52.0	0.0019233443967123143	2.0
9.0	53.0	0.0005337969111850241	2.0
88.0	53.0	0.002213664998378133	2.0
92.0	53.0	0.002372051873023415	2.0
91.0	53.0	0.0018714739528729156	2.0
98.0	53.0	4.142134777375073e-05	2.0
13.0	53.0	0.002025278852653793	2.0
28.0	53.0	0.000580927555780586	2.0
67.0	53.0	0.001508797037532903	2.0
85.0	53.0	0.000532594144925532	2.0
64.0	53.0	0.0020818231450004656	2.0
32.0	54.0	0.000418661825078101	2.0
9.0	54.0	0.0004608425001170241	2.0
25.0	54.0	0.0009980568785122206	2.0
45.0	54.0	0.001942167287841058	2.0
35.0	54.0	0.0018033872629213178	2.0
72.0	54.0	0.0008744936623942664	2.0
41.0	54.0	0.0016529741484405708	2.0
68.0	54.0	0.0017914762576486532	2.0
27.0	54.0	0.001251976772238834	2.0
36.0	54.0	0.00039458651040064465	2.0
50.0	55.0	0.00229316622457865	2.0
98.0	55.0	0.001695897184773786	2.0
12.0	55.0	8.21852834358236e-05	2.0
90.0	55.0	0.0006756016036098847	2.0
2.0	55.0	0.0009926393372212841	2.0
8.0	55.0	0.0024877939270142972	2.0
63.0	55.0	0.0023982508067055723	2.0
13.0	55.0	0.001885545957138206	2.0
11.0	55.0	0.002045606482889042	2.0
21.0	55.0	0.0018626298140885017	2.0
3.0	56.0	0.001115181573907759	2.0
73.0	56.0	0.0018699719055261643	2.0
30.0	56.0	0.0018325388868472151	2.0
76.0	56.0	0.0009607262992102225	2.0
32.0	56.0	0.0014567633706378245	2.0
84.0	56.0	0.0015347125495710984	2.0
93.0	56.0	0.0005110780879996746	2.0
29.0	56.0	0.002337147488687102	2.0
58.0	56.0	0.00010460031712676483	2.0
19.0	56.0	0.001571124837980675	2.0
10.0	57.0	0.0013710620036237848	2.0
32.0	57.0	0.0007276035587682919	2.0
7.0	57.0	0.00091282726080122	2.0
41.0	57.0	0.0020282766928802413	2.0
64.0	57.0	0.0005420922953798097	2.0
81.0	57.0	0.0019201298476048637	2.0
29.0	57.0	0.000545859658882657	2.0
21.0	57.0	0.00010319987276609405	2.0
43.0	57.0	0.0008862675228087899	2.0
57.0	57.0	0.001008920893518604	2.0
48.0	58.0	0.0018177070713730698	2.0
24.0	58.0	0.002456989805459796	2.0
88.0	58.0	0.0017071120617072443	2.0
83.0	58.0	0.00012918840699370298	2.0
69.0	58.0	6.925387389455417e-05	2.0
35.0	58.0	0.00027257892934435813	2.0
84.0	58.0	0.0005016709156848303	2.0
94.0	58.0	0.001583603095477388	2.0
8.0	58.0	0.0014460629079195617	2.0
80.0	58.0	0.0014871903086202457	2.0
70.0	59.0	0.0010024556960978284	2.0
20.0	59.0	0.002189860339749129	2.0
79.0	59.0	0.0014692427984641535	2.0
43.0	59.0	0.00017340800813237523	2.0
7.0	59.0	0.0022760468042881377	2.0
72.0	59.0	0.0012617245609897088	2.0
94.0	59.0	0.0017059877583878265	2.0
15.0	59.0	0.0008701926233840718	2.0
33.0	59.0	0.0005278480211278636	2.0
41.0	59.0	0.0006165587934783884	2.0
19.0	60.0	0.0014701858052709109	2.0
28.0	60.0	0.0018440881016411061	2.0
12.0	60.0	0.001030544943310269	2.0
79.0	60.0	0.0008303877826469317	2.0
31.0	60.0	0.0024037554510899176	2.0
50.0	60.0	0.0017372052270983437	2.0
42.0	60.0	0.0016318889187138517	2.0
6.0	60.0	0.001432352058570974	2.0
3.0	60.0	0.0022780157728972765	2.0
9.0	60.0	0.0009577842896009381	2.0
93.0	61.0	0.0013415065697027582	2.0
87.0	61.0	0.00048593445388403684	2.0
19.0	61.0	0.002416194914163837	2.0
82.0	61.0	0.0019671146765042687	2.0
40.0	61.0	0.002338211236239327	2.0
11.0	61.0	0.00033594212277292035	2.0
98.0	61.0	0.0011533085669305782	2.0
68.0	61.0	0.00011524015231314661	2.0
3.0	61.0	0.0017602693284080328	2.0
73.0	61.0	0.0014506247029885024	2.0
87.0	62.0	0.0019445559251473452	2.0
22.0	62.0	0.001289465453471342	2.0
20.0	62.0	0.0007063249770884053	2.0
94.0	62.0	0.0006724491951783607	2.0
84.0	62.0	0.002495357536610434	2.0
48.0	62.0	0.0008254482346746356	2.0
21.0	62.0	0.001967278682818568	2.0
42.0	62.0	0.0020519076286136416	2.0
34.0	62.0	0.0022050717042490058	2.0
91.0	62.0	0.0013976380474449179	2.0
57.0	63.0	0.001050849373580848	2.0
40.0	63.0	0.0017374248658543526	2.0
84.0	63.0	0.0020626687148815564	2.0
69.0	63.0	0.002300536601493739	2.0
36.0	63.0	0.0018501965760818967	2.0
0.0	63.0	0.001253716270751569	2.0
63.0	63.0	0.0003859907132617629	2.0
53.0	63.0	0.0013109630405575407	2.0
17.0	63.0	0.0008206748363836669	2.0
44.0	63.0	0.0020885020890157096	2.0
91.0	64.0	0.0009697589228340567	2.0
66.0	64.0	0.0014421731801553153	2.0
8.0	64.0	0.0023043514151088367	2.0
33.0	64.0	0.0006221288805853417	2.0
69.0	64.0	0.0017785579004328336	2.0
2.0	64.0	0.0020148736410603185	2.0
21.0	64.0	0.0022495718998183467	2.0
26.0	64.0	0.0015723512347487567	2.0
78.0	64.0	0.0018835279105790398	2.0
74.0	64.0	0.0006020582623434656	2.0
31.0	65.0	0.0024202661753178712	2.0
76.0	65.0	0.0017916017116150849	2.0
62.0	65.0	0.0019909730026724287	2.0
26.0	65.0	0.0019503997885488241	2.0
5.0	65.0	0.0022290020902263853	2.0
89.0	65.0	0.0017192821626646135	2.0
74.0	65.0	0.0002948805552459008	2.0
88.0	65.0	0.0014963856453701966	2.0
94.0	65.0	0.001709503054893058	2.0
0.0	65.0	0.0024560106133524823	2.0
41.0	66.0	0.0019985761762143484	2.0
22.0	66.0	0.001539132687550846	2.0
36.0	66.0	6.9873009404533e-05	2.0
66.0	66.0	0.0015965038988963681	2.0
48.0	66.0	0.00031103071114949255	2.0
79.0	66.0	0.0009786041054039656	2.0
20.0	66.0	0.0024381627487212796	2.0
25.0	66.0	0.001151148133437418	2.0
99.0	66.0	0.0009442514611850911	2.0
83.0	66.0	0.0023261028543467865	2.0
64.0	67.0	0.0017033561269846063	2.0
61.0	67.0	0.0004959042446477993	2.0
27.0	67.0	0.0008183921076907524	2.0
17.0	67.0	0.0004395652874823822	2.0
40.0	67.0	0.0010130354310910353	2.0
21.0	67.0	0.0024032410660855116	2.0
92.0	67.0	0.0016911369826046528	2.0
52.0	67.0	0.0018833905343340004	2.0
51.0	67.0	0.0017306514759093138	2.0
18.0	67.0	0.000693096612324704	2.0
67.0	68.0	0.0017427035571947647	2.0
6.0	68.0	0.000500071043839806	2.0
28.0	68.0	0.0015385004553900175	2.0
21.0	68.0	0.00023229686399648452	2.0
74.0	68.0	0.0006889684258996828	2.0
13.0	68.0	0.001465305544001188	2.0
70.0	68.0	0.0007453501506019245	2.0
7.0	68.0	0.0007912742290876643	2.0
25.0	68.0	0.0005090108917948033	2.0
92.0	68.0	4.321298702428311e-05	2.0
22.0	69.0	0.0018903825749456394	2.0
83.0	69.0	0.0023406449152167485	2.0
62.0	69.0	0.00012577631586025817	2.0
13.0	69.0	0.00019856268621120553	2.0
33.0	69.0	0.0010264889663168784	2.0
25.0	69.0	0.0024293942339581004	2.0
81.0	69.0	0.0011955764812731809	2.0
41.0	69.0	0.0024320511659638765	2.0
23.0	69.0	0.0009201086187034433	2.0
43.0	69.0	0.00028962029197096453	2.0
44.0	70.0	9.385515827423835e-05	2.0
85.0	70.0	0.0011148792413680903	2.0
92.0	70.0	0.0006689807719990029	2.0
39.0	70.0	0.0005115821231249868	2.0
8.0	70.0	0.0012278903544440437	2.0
67.0	70.0	0.001819057636133441	2.0
18.0	70.0	0.0005723082713337962	2.0
88.0	70.0	0.002128426253264649	2.0
53.0	70.0	0.0023402638514036255	2.0
52.0	70.0	0.0010953080440060917	2.0
33.0	71.0	0.0021569348097726067	2.0
39.0	71.0	0.0007856914368470002	2.0
45.0	71.0	0.0017327507128385494	2.0
48.0	71.0	0.0008631013471166374	2.0
60.0	71.0	0.0024702056947361844	2.0
92.0	71.0	0.0007047506474966941	2.0
19.0	71.0	0.0020267113110426383	2.0
58.0	71.0	1.088905234541776e-05	2.0
21.0	71.0	0.0015051589574721564	2.0
32.0	71.0	0.00011280812536464624	2.0
13.0	72.0	0.0014199442061121137	2.0
42.0	72.0	0.0015543756567065917	2.0
41.0	72.0	0.001604187504757428	2.0
0.0	72.0	0.0005144578887207605	2.0
9.0	72.0	0.0005742582174194907	2.0
94.0	72.0	0.0007954056928769201	2.0
70.0	72.0	0.001612286395936668	2.0
7.0	72.0	0.00011340229043474981	2.0
63.0	72.0	0.00017367349062259396	2.0
17.0	72.0	0.002240517866426793	2.0
44.0	73.0	0.001181871312877186	2.0
10.0	73.0	0.0010603308201833103	2.0
84.0	73.0	0.0005738692106000922	2.0
82.0	73.0	0.0016024849446651121	2.0
68.0	73.0	0.00026417002027261327	2.0
27.0	73.0	0.0017354398538689236	2.0
7.0	73.0	0.0004914261011928306	2.0
91.0	73.0	0.0015014055676386816	2.0
22.0	73.0	0.00037830401201079556	2.0
8.0	73.0	0.0016945452662886899	2.0
82.0	74.0	0.00021957694358607088	2.0
63.0	74.0	0.00043514596420564936	2.0
90.0	74.0	0.002173894980598641	2.0
56.0	74.0	0.0020027617471982677	2.0
99.0	74.0	0.000882388015975549	2.0
52.0	74.0	0.0024560822347723995	2.0
45.0	74.0	0.0009663390617642917	2.0
96.0	74.0	0.0006127795748771853	2.0
47.0	74.0	0.0023757845571900074	2.0
67.0	74.0	0.000839901977913973	2.0
12.0	75.0	0.00037955371810209556	2.0
43.0	75.0	0.0024244079391603913	2.0
82.0	75.0	0.0009463503346219526	2.0
37.0	75.0	0.0013130517025149813	2.0
6.0	75.0	0.001133832048089244	2.0
88.0	75.0	0.00075587059367279	2.0
35.0	75.0	0.001090082209966808	2.0
28.0	75.0	0.0003706976984208271	2.0
4.0	75.0	0.0011430576734813619	2.0
7.0	75.0	0.001648765093848942	2.0
0.0	76.0	0.001603095598269967	2.0
54.0	76.0	0.0005971817471259125	2.0
45.0	76.0	0.00031719204568226553	2.0
36.0	76.0	0.0015219527613722858	2.0
49.0	76.0	0.0006458896255010846	2.0
4.0	76.0	0.0024733802862434706	2.0
61.0	76.0	0.0011005597543504695	2.0
1.0	76.0	0.0008075503091012168	2.0
16.0	76.0	0.0010588127193877676	2.0
18.0	76.0	0.0010561560330961542	2.0
63.0	77.0	0.0009195190173814283	2.0
78.0	77.0	0.00020919353316304013	2.0
10.0	77.0	0.0003342834888147117	2.0
86.0	77.0	0.0014442292473756202	2.0
16.0	77.0	0.0011614086492443827	2.0
33.0	77.0	0.0019314772511831372	2.0
18.0	77.0	0.0019429709291933245	2.0
17.0	77.0	0.0016626769230588662	2.0
66.0	77.0	0.0018164653516911538	2.0
94.0	77.0	0.0006195908354232507	2.0
57.0	78.0	0.0022992202665455216	2.0
40.0	78.0	0.0003503709438563199	2.0
63.0	78.0	0.0001409555644501384	2.0
43.0	78.0	0.0010326765183867135	2.0
0.0	78.0	0.0023253844174862814	2.0
56.0	78.0	0.00015548466311949172	2.0
67.0	78.0	0.001604161896100531	2.0
74.0	78.0	0.0018857359588823803	2.0
10.0	78.0	0.00112047235029436	2.0
98.0	78.0	0.00024887245105233743	2.0
55.0	79.0	0.002377205775770646	2.0
27.0	79.0	0.002148984804379533	2.0
78.0	79.0	0.0010783410559384833	2.0
86.0	79.0	0.00035058392444181684	2.0
93.0	79.0	0.0009964881857107016	2.0
39.0	79.0	0.0008447771257857215	2.0
98.0	79.0	0.0016207397593121667	2.0
13.0	79.0	0.0005748573186883658	2.0
3.0	79.0	0.0019371492927894992	2.0
50.0	79.0	0.0022147366492809425	2.0
58.0	80.0	0.0012157345408553568	2.0
48.0	80.0	0.002328343580958925	2.0
8.0	80.0	0.0013335779509201899	2.0
32.0	80.0	0.0007114478939892436	2.0
67.0	80.0	4.889192002058229e-05	2.0
80.0	80.0	0.0016162034999871362	2.0
23.0	80.0	0.002150096058186118	2.0
25.0	80.0	0.0003586488953711331	2.0
81.0	80.0	0.00012574766605060876	2.0
90.0	80.0	0.0006509963668649385	2.0
64.0	81.0	0.0015341651972329365	2.0
38.0	81.0	0.0021538000346536974	2.0
5.0	81.0	0.002418762230944036	2.0
29.0	81.0	0.00043781382139413154	2.0
62.0	81.0	0.0007870811800830576	2.0
86.0	81.0	0.0015639270205178354	2.0
39.0	81.0	0.0019346043913286276	2.0
27.0	81.0	0.0018949528948635453	2.0
60.0	81.0	0.0005051549049420798	2.0
49.0	81.0	0.0010018866898155502	2.0
19.0	82.0	0.0016757275287794346	2.0
16.0	82.0	0.0013191156359968143	2.0
74.0	82.0	0.0023158139271283545	2.0
33.0	82.0	0.0016574797735435115	2.0
48.0	82.0	0.0019857472367617594	2.0
36.0	82.0	0.0017394137119584876	2.0
92.0	82.0	0.0003710075486331224	2.0
24.0	82.0	0.0007662892374661976	2.0
11.0	82.0	0.0019460213793672063	2.0
88.0	82.0	0.0016687298883085798	2.0
38.0	83.0	0.0021487307847123825	2.0
91.0	83.0	0.0017112544578963998	2.0
14.0	83.0	0.002270102203476088	2.0
63.0	83.0	0.0016574646187686325	2.0
20.0	83.0	0.0017987830655269313	2.0
21.0	83.0	0.002051764751459797	2.0
2.0	83.0	0.0024596549982526523	2.0
26.0	83.0	6.399087567854816e-05	2.0
87.0	83.0	0.0011455972895144334	2.0
70.0	83.0	0.0013412384884448551	2.0
12.0	84.0	0.0014213672515730536	2.0
77.0	84.0	0.0014368022888242135	2.0
64.0	84.0	0.0011685056866872897	2.0
62.0	84.0	0.00040220559566200024	2.0
94.0	84.0	0.001446960081256867	2.0
95.0	84.0	0.0015440891596732451	2.0
30.0	84.0	0.0010688885852209345	2.0
1.0	84.0	0.0014504868331461857	2.0
7.0	84.0	3.195088087092762e-05	2.0
93.0	84.0	0.00029375224744712853	2.0
6.0	85.0	0.0019679363249429536	2.0
45.0	85.0	7.407999767565538e-05	2.0
63.0	85.0	0.001440679286201387	2.0
43.0	85.0	0.0016581057481971414	2.0
75.0	85.0	0.0004205026345326066	2.0
19.0	85.0	0.0006435668916106832	2.0
32.0	85.0	0.0007682157783660648	2.0
86.0	85.0	0.00037111136805268927	2.0
8.0	85.0	0.0008576925409365496	2.0
39.0	85.0	0.0010843391348462545	2.0
1.0	86.0	0.001589984177802547	2.0
80.0	86.0	0.001193980307625945	2.0
82.0	86.0	0.0011555677871496102	2.0
4.0	86.0	0.00216470285929349	2.0
41.0	86.0	0.0003124507583897529	2.0
31.0	86.0	0.001414771207860696	2.0
87.0	86.0	0.0024963249663927304	2.0
15.0	86.0	0.001630185790185865	2.0
9.0	86.0	0.0023058644473055215	2.0
46.0	86.0	0.0022083473983997444	2.0
81.0	87.0	0.0010694308316233562	2.0
26.0	87.0	0.00025302769956188353	2.0
52.0	87.0	0.0013366810559681344	2.0
68.0	87.0	0.0006637074375710095	2.0
29.0	87.0	0.0013065857948901943	2.0
14.0	87.0	0.002132469106723753	2.0
74.0	87.0	0.000867196228230174	2.0
16.0	87.0	0.002421959484298972	2.0
51.0	87.0	2.593774089502565e-05	2.0
4.0	87.0	0.0008104253930806058	2.0
58.0	88.0	0.0007737280832122162	2.0
14.0	88.0	0.002393229361563249	2.0
11.0	88.0	0.00034087321817723366	2.0
36.0	88.0	0.0021805555603604987	2.0
95.0	88.0	0.0009950004525346734	2.0
38.0	88.0	0.001925116959525192	2.0
57.0	88.0	0.0014819038695154257	2.0
55.0	88.0	0.0024231579828575813	2.0
41.0	88.0	0.0001655714385639928	2.0
16.0	88.0	0.0004208812790719971	2.0
77.0	89.0	0.0018201799102783962	2.0
75.0	89.0	0.001276965419553795	2.0
79.0	89.0	0.002055351338252982	2.0
21.0	89.0	0.0003937881782124791	2.0
25.0	89.0	0.0002482454877758783	2.0
98.0	89.0	4.63493569922091e-06	2.0
81.0	89.0	0.0005373710478628851	2.0
31.0	89.0	0.0008797546119586284	2.0
36.0	89.0	0.0010866828401260883	2.0
58.0	89.0	0.0013430289092017133	2.0
48.0	90.0	0.0014775152667629793	2.0
85.0	90.0	0.0012875668594201025	2.0
2.0	90.0	0.0015568331338708078	2.0
13.0	90.0	0.0010949739959560793	2.0
82.0	90.0	0.0021348821783512806	2.0
93.0	90.0	0.0011579951485779704	2.0
64.0	90.0	0.00030405116838639083	2.0
68.0	90.0	0.0009155579854614074	2.0
78.0	90.0	0.0016057181135346243	2.0
75.0	90.0	0.0015130166845740926	2.0
82.0	91.0	0.002154821696114559	2.0
26.0	91.0	0.0009985597163179713	2.0
13.0	91.0	0.0008624470551109381	2.0
11.0	91.0	0.001940474505697539	2.0
4.0	91.0	0.001378634658901278	2.0
35.0	91.0	0.0011530645202587758	2.0
18.0	91.0	0.0011132187803858256	2.0
3.0	91.0	0.0024505689338812186	2.0
70.0	91.0	0.0013407912520032685	2.0
53.0	91.0	0.0022583240978552104	2.0
37.0	92.0	0.00010252233568064789	2.0
18.0	92.0	0.002095933776504707	2.0
87.0	92.0	0.0017275054653994812	2.0
29.0	92.0	0.0022658942091931893	2.0
79.0	92.0	0.0018458834890848481	2.0
46.0	92.0	0.0016155886611500792	2.0
56.0	92.0	0.00026488822580547216	2.0
41.0	92.0	0.0006766728793107507	2.0
2.0	92.0	0.0010127530800049687	2.0
4.0	92.0	0.0007916134816820009	2.0
4.0	93.0	0.0003374793519629862	2.0
7.0	93.0	0.0015102156401553526	2.0
29.0	93.0	0.0009949915754217636	2.0
47.0	93.0	0.0016792593977865886	2.0
0.0	93.0	0.001053241998528921	2.0
91.0	93.0	0.0012364457235318758	2.0
85.0	93.0	0.0009914646393083951	2.0
57.0	93.0	0.0016587651757504194	2.0
37.0	93.0	0.0019608688333382133	2.0
97.0	93.0	0.0006926510393220922	2.0
20.0	94.0	0.001233161106920438	2.0
24.0	94.0	0.0009069220708642892	2.0
0.0	94.0	0.00162070081145884	2.0
13.0	94.0	0.0017355951983736584	2.0
94.0	94.0	1.0940204117347863e-05	2.0
11.0	94.0	0.0009143743157896014	2.0
41.0	94.0	0.0022553194366340444	2.0
72.0	94.0	0.0015811857843830127	2.0
85.0	94.0	0.0014174010153690621	2.0
21.0	94.0	0.000966076299407391	2.0
39.0	95.0	0.0017996211581923945	2.0
11.0	95.0	0.0005511245647552462	2.0
92.0	95.0	0.0014477339353107111	2.0
99.0	95.0	0.0012783762628163261	2.0
62.0	95.0	0.0024783769204410086	2.0
3.0	95.0	0.0024626570989773416	2.0
44.0	95.0	0.0005594406636062418	2.0
75.0	95.0	0.0018124019852983656	2.0
86.0	95.0	0.0023485113928829442	2.0
84.0	95.0	0.0014045728852994585	2.0
72.0	96.0	0.0008356524670357435	2.0
44.0	96.0	0.00025250532945968657	2.0
58.0	96.0	0.0023238072596406274	2.0
52.0	96.0	0.0016525764330236694	2.0
56.0	96.0	0.0009934972177378118	2.0
86.0	96.0	0.0015594632256657457	2.0
97.0	96.0	0.000939058750731118	2.0
4.0	96.0	0.000345685599699801	2.0
47.0	96.0	0.002448441370021077	2.0
29.0	96.0	0.0020628379882185292	2.0
85.0	97.0	0.00156352117584731	2.0
16.0	97.0	0.00011758798812863624	2.0
19.0	97.0	0.0023519623085108553	2.0
53.0	97.0	0.00024492931684746283	2.0
21.0	97.0	4.3672640150366483e-05	2.0
91.0	97.0	0.000896433232241812	2.0
76.0	97.0	0.0016073552251804582	2.0
36.0	97.0	0.002316822584330513	2.0
80.0	97.0	0.0006525344786574186	2.0
93.0	97.0	0.001015070255087929	2.0
87.0	98.0	0.000992845133213717	2.0
38.0	98.0	0.00033960569386979337	2.0
28.0	98.0	0.0019817734986154524	2.0
16.0	98.0	0.0010690171744601057	2.0
53.0	98.0	0.0003893793389863862	2.0
86.0	98.0	0.0009505334924283535	2.0
12.0	98.0	0.00142089672374324	2.0
78.0	98.0	0.002124205822768249	2.0
29.0	98.0	0.0016860540635198163	2.0
56.0	98.0	0.001441928631587228	2.0
61.0	99.0	0.0017033385006259972	2.0
72.0	99.0	0.0008658973639260731	2.0
94.0	99.0	0.00016763902097838125	2.0
26.0	99.0	0.0016689726763048905	2.0
10.0	99.0	0.0015448931663772647	2.0
42.0	99.0	0.0003538392240866384	2.0
88.0	99.0	0.0014486001981058516	2.0
48.0	99.0	0.0004550175893356065	2.0
37.0	99.0	0.001896202840950967	2.0
22.0	99.0	0.0021108880731054223	2.0
