# columns = ['i', 'j', 'weight', 'delay']
41.0	0.0	0.0024991298682636117	2.0
60.0	0.0	0.0010325975473532093	2.0
99.0	0.0	0.0034773171694976843	2.0
24.0	0.0	0.0005970285958516255	2.0
8.0	0.0	0.0030607769221177254	2.0
68.0	0.0	0.0027781907955633763	2.0
23.0	0.0	0.0022928166162857985	2.0
69.0	0.0	0.004933631935227295	2.0
21.0	0.0	0.002236410247691697	2.0
29.0	0.0	0.0005044150856872938	2.0
12.0	1.0	0.005535603530036451	2.0
11.0	1.0	0.005167804223233067	2.0
19.0	1.0	2.0399606522279346e-05	2.0
82.0	1.0	0.0009645732288188978	2.0
10.0	1.0	0.003418840477312368	2.0
97.0	1.0	0.005686261063042622	2.0
85.0	1.0	0.0010271241019657233	2.0
92.0	1.0	0.005238802045157295	2.0
36.0	1.0	0.0023422105049505887	2.0
18.0	1.0	0.0025240599711678783	2.0
56.0	2.0	0.004205342023858201	2.0
84.0	2.0	0.0005663607460795834	2.0
11.0	2.0	0.005051828479812725	2.0
59.0	2.0	0.0034658738164612627	2.0
76.0	2.0	0.0035933432265175874	2.0
94.0	2.0	0.0003645867472383777	2.0
41.0	2.0	0.0019562378316070315	2.0
25.0	2.0	8.343950072719265e-05	2.0
87.0	2.0	0.0015307408860185435	2.0
83.0	2.0	0.0005570076452563406	2.0
25.0	3.0	0.004058096677372868	2.0
14.0	3.0	0.0056876592996392234	2.0
73.0	3.0	0.005828814068569067	2.0
22.0	3.0	0.003202198319143458	2.0
44.0	3.0	0.0006514868478841311	2.0
30.0	3.0	0.001016121111184917	2.0
75.0	3.0	0.004970527486457332	2.0
81.0	3.0	0.0015110051812586662	2.0
2.0	3.0	0.004054994582967439	2.0
13.0	3.0	0.005857663706786521	2.0
95.0	4.0	0.005606768933454966	2.0
72.0	4.0	0.003128462457289361	2.0
45.0	4.0	0.00558469763650212	2.0
21.0	4.0	0.005111191012358875	2.0
52.0	4.0	0.00019124350652534528	2.0
51.0	4.0	0.0011773460965525946	2.0
5.0	4.0	0.0027283628116926183	2.0
31.0	4.0	0.003451041474715418	2.0
70.0	4.0	0.003978756232906257	2.0
88.0	4.0	0.0022879717451648983	2.0
6.0	5.0	0.0019443253425938571	2.0
26.0	5.0	0.001424019409923399	2.0
37.0	5.0	0.0004394469486193824	2.0
93.0	5.0	0.004633580846980445	2.0
49.0	5.0	0.001579725844569555	2.0
89.0	5.0	0.0031403930155310925	2.0
15.0	5.0	0.0056354589064415445	2.0
0.0	5.0	0.0033453451121130463	2.0
3.0	5.0	0.0014652845883311666	2.0
98.0	5.0	0.00016330215250248825	2.0
5.0	6.0	0.0030144543737218514	2.0
47.0	6.0	0.0022140744601827416	2.0
49.0	6.0	0.0037760380798509876	2.0
51.0	6.0	0.002468366660621005	2.0
93.0	6.0	0.0012823650558087174	2.0
11.0	6.0	0.003416340718130479	2.0
33.0	6.0	0.0027810578532178358	2.0
75.0	6.0	0.003061568848154629	2.0
23.0	6.0	0.0008707362321801262	2.0
78.0	6.0	0.0007945028508712209	2.0
4.0	7.0	0.0008025845992638825	2.0
82.0	7.0	0.0015796412125536983	2.0
24.0	7.0	0.004668030157863815	2.0
42.0	7.0	0.005481249023416424	2.0
3.0	7.0	0.0037553719062040592	2.0
40.0	7.0	0.0048691362954411885	2.0
56.0	7.0	0.0028016666644157242	2.0
20.0	7.0	0.004569323135118479	2.0
69.0	7.0	0.0010898580389848813	2.0
23.0	7.0	0.005919496015331639	2.0
81.0	8.0	0.00242509340441949	2.0
12.0	8.0	0.0051461815567589355	2.0
22.0	8.0	0.003798666585994199	2.0
58.0	8.0	0.0011701606226002881	2.0
86.0	8.0	0.0017922548688322096	2.0
51.0	8.0	0.0011603412647626216	2.0
53.0	8.0	0.0028947945067412306	2.0
30.0	8.0	0.0022611091261914647	2.0
19.0	8.0	0.0023034035400643026	2.0
99.0	8.0	0.004678341137584272	2.0
26.0	9.0	0.0005922237719014754	2.0
56.0	9.0	0.001501460448769996	2.0
44.0	9.0	0.004125459606782369	2.0
88.0	9.0	0.0030195875287104355	2.0
19.0	9.0	0.005254134355927869	2.0
43.0	9.0	0.0035918995190732795	2.0
60.0	9.0	0.0030591148114896562	2.0
70.0	9.0	0.0008540338654087319	2.0
99.0	9.0	0.0015821451892327934	2.0
30.0	9.0	0.001870740258961752	2.0
55.0	10.0	0.0008572332105231231	2.0
35.0	10.0	0.0023098228821204474	2.0
69.0	10.0	0.0019163076583597958	2.0
48.0	10.0	8.203247041665907e-05	2.0
61.0	10.0	0.005550826136127771	2.0
28.0	10.0	0.0027538066771156163	2.0
63.0	10.0	0.0003996314773997587	2.0
51.0	10.0	0.00486454112178783	2.0
46.0	10.0	0.004842905072223863	2.0
37.0	10.0	0.005790660661409425	2.0
14.0	11.0	0.0009957765511832972	2.0
28.0	11.0	0.002503117580055361	2.0
92.0	11.0	0.0053433724031197345	2.0
32.0	11.0	0.0009117105755230915	2.0
8.0	11.0	0.005835651192810158	2.0
47.0	11.0	0.004874873700391027	2.0
70.0	11.0	0.005970350712843515	2.0
52.0	11.0	0.0025951678542871963	2.0
27.0	11.0	0.001959702505056397	2.0
23.0	11.0	0.004999822544423742	2.0
29.0	12.0	0.002616239036952386	2.0
3.0	12.0	0.00198211964941611	2.0
44.0	12.0	0.002646767064192716	2.0
53.0	12.0	0.005180997380534646	2.0
40.0	12.0	0.0024818770917305823	2.0
9.0	12.0	0.0016798538764984667	2.0
75.0	12.0	0.0014124724623298523	2.0
63.0	12.0	0.003195616520722721	2.0
45.0	12.0	0.005310670102634308	2.0
37.0	12.0	0.0014387417496596595	2.0
90.0	13.0	0.003533029594144598	2.0
58.0	13.0	0.004392748678788934	2.0
28.0	13.0	0.00335662529810859	2.0
51.0	13.0	0.002692346856662192	2.0
54.0	13.0	0.005258476170795023	2.0
92.0	13.0	0.003194005874113707	2.0
96.0	13.0	0.003382180738788346	2.0
84.0	13.0	0.002861548747351889	2.0
18.0	13.0	0.003174322571849812	2.0
39.0	13.0	0.00026788325889074495	2.0
59.0	14.0	0.005190708400489619	2.0
0.0	14.0	0.0024973905634320904	2.0
28.0	14.0	0.0011186493511777897	2.0
3.0	14.0	0.00446470568015615	2.0
17.0	14.0	0.004423488142906132	2.0
21.0	14.0	0.005711103752843901	2.0
85.0	14.0	0.00018177339602808384	2.0
68.0	14.0	0.004124195133659773	2.0
49.0	14.0	0.00430176111178317	2.0
55.0	14.0	0.0002156296500909294	2.0
7.0	15.0	0.0008050096223961805	2.0
58.0	15.0	0.0008826412159072319	2.0
26.0	15.0	0.004471840851709278	2.0
29.0	15.0	0.0019022423166975757	2.0
9.0	15.0	0.0028973670158279935	2.0
95.0	15.0	0.003262474306667267	2.0
91.0	15.0	0.0029096610226115897	2.0
6.0	15.0	0.0007349729727732464	2.0
57.0	15.0	0.00503984082314083	2.0
98.0	15.0	0.003316562080910321	2.0
32.0	16.0	0.002617179533813893	2.0
43.0	16.0	0.002977087372072874	2.0
20.0	16.0	0.005053000689779464	2.0
60.0	16.0	0.0004888004463082139	2.0
28.0	16.0	0.004959179826968892	2.0
97.0	16.0	0.005402377264468989	2.0
83.0	16.0	0.004356017105603767	2.0
42.0	16.0	0.004648127311347038	2.0
9.0	16.0	0.0043649359664685505	2.0
36.0	16.0	0.003419946130384913	2.0
0.0	17.0	0.0026457248196380258	2.0
27.0	17.0	0.0007332610031283173	2.0
70.0	17.0	0.0036884921783092756	2.0
46.0	17.0	0.0043534028660957725	2.0
94.0	17.0	0.003928955440141977	2.0
5.0	17.0	0.001822880020199353	2.0
35.0	17.0	0.004937134818053132	2.0
78.0	17.0	0.005194112376754736	2.0
40.0	17.0	0.0010648946817574496	2.0
42.0	17.0	0.0005047171902259804	2.0
10.0	18.0	0.003505115206758991	2.0
59.0	18.0	0.0019153682383800188	2.0
41.0	18.0	0.000703503527852843	2.0
28.0	18.0	0.0036898571442092474	2.0
27.0	18.0	0.004940731031269496	2.0
62.0	18.0	0.0008351732016635041	2.0
86.0	18.0	0.0027972031566846594	2.0
17.0	18.0	0.004709146517948293	2.0
50.0	18.0	0.0002149041740932587	2.0
77.0	18.0	0.005729545358402451	2.0
12.0	19.0	0.005729576008091318	2.0
50.0	19.0	0.0014664018982696472	2.0
29.0	19.0	0.0022774911830009867	2.0
64.0	19.0	0.0004417031846326649	2.0
42.0	19.0	0.004635654954212017	2.0
18.0	19.0	0.005158995743634404	2.0
63.0	19.0	0.003558347916574528	2.0
56.0	19.0	0.003212599809606253	2.0
48.0	19.0	0.0024093759937573542	2.0
3.0	19.0	0.004571456928224086	2.0
64.0	20.0	3.805089851953425e-05	2.0
34.0	20.0	0.004877677351880967	2.0
99.0	20.0	0.0012239281766231378	2.0
43.0	20.0	0.00043655547477506685	2.0
35.0	20.0	0.0031335537309719304	2.0
2.0	20.0	0.0022249652182449566	2.0
81.0	20.0	0.0052294679519782495	2.0
74.0	20.0	0.005373507783485116	2.0
0.0	20.0	0.005083668989754531	2.0
86.0	20.0	0.0006343128751380112	2.0
17.0	21.0	0.0009607909961669097	2.0
38.0	21.0	0.004585945396301889	2.0
72.0	21.0	0.001546717390795055	2.0
54.0	21.0	0.005668445865670589	2.0
65.0	21.0	0.004933233883025449	2.0
10.0	21.0	0.003352958816930727	2.0
30.0	21.0	0.005219522237774828	2.0
14.0	21.0	0.005814308647392268	2.0
79.0	21.0	0.004032312487445325	2.0
23.0	21.0	0.0032026566259547615	2.0
61.0	22.0	0.0006799868148036883	2.0
19.0	22.0	0.0012234181523472186	2.0
16.0	22.0	0.0033336030676095144	2.0
41.0	22.0	0.0036057720160614635	2.0
92.0	22.0	0.0010945986102360256	2.0
72.0	22.0	0.00497759001974613	2.0
46.0	22.0	0.003620813241335193	2.0
98.0	22.0	0.0019876914181809337	2.0
7.0	22.0	0.00037198937091739026	2.0
97.0	22.0	0.004827946214696144	2.0
22.0	23.0	0.005908236238776238	2.0
73.0	23.0	0.002029475042337753	2.0
74.0	23.0	0.00036648495567739126	2.0
39.0	23.0	0.0011407576567255243	2.0
29.0	23.0	0.003223574005048479	2.0
18.0	23.0	0.0008112764712178113	2.0
60.0	23.0	0.004963509567492577	2.0
84.0	23.0	0.001118357769001354	2.0
42.0	23.0	0.002784317566524176	2.0
37.0	23.0	0.0023157370187958447	2.0
44.0	24.0	0.0012123837581006689	2.0
7.0	24.0	0.0037601722542712304	2.0
15.0	24.0	0.004375454601132297	2.0
5.0	24.0	0.002415600205151698	2.0
53.0	24.0	0.0004045731554825238	2.0
20.0	24.0	0.0001684515993939817	2.0
71.0	24.0	0.0002576882931085853	2.0
37.0	24.0	0.005567814930569136	2.0
99.0	24.0	0.003475070220850732	2.0
54.0	24.0	0.003792532117841665	2.0
2.0	25.0	0.00028810682075686356	2.0
28.0	25.0	0.001948413339845934	2.0
71.0	25.0	0.0023435333011354678	2.0
44.0	25.0	0.004839778718849143	2.0
77.0	25.0	0.0031047121308559284	2.0
58.0	25.0	0.004360293670537271	2.0
42.0	25.0	0.003114204405142353	2.0
10.0	25.0	0.005626353399834142	2.0
31.0	25.0	0.003568868342211579	2.0
89.0	25.0	6.858866055489954e-05	2.0
41.0	26.0	0.0057345292564735745	2.0
71.0	26.0	0.004791738668908056	2.0
90.0	26.0	0.0044603037760203275	2.0
98.0	26.0	0.002566663690350443	2.0
46.0	26.0	0.0005548323434688973	2.0
30.0	26.0	0.005947035024139349	2.0
5.0	26.0	0.004741333737549959	2.0
95.0	26.0	0.0032255004064750876	2.0
13.0	26.0	0.0022289337283482994	2.0
17.0	26.0	0.0030433815172791396	2.0
26.0	27.0	0.004016131884797817	2.0
60.0	27.0	0.004113356404539696	2.0
13.0	27.0	0.0004423491612481303	2.0
14.0	27.0	0.003035656520135014	2.0
69.0	27.0	0.0038274510807757107	2.0
32.0	27.0	0.005270753483704411	2.0
73.0	27.0	0.0011080360687859086	2.0
40.0	27.0	0.0027381454727273434	2.0
45.0	27.0	0.0020702622750450395	2.0
75.0	27.0	0.0001217563485256441	2.0
32.0	28.0	0.0023217971066546187	2.0
25.0	28.0	0.005421432169064413	2.0
83.0	28.0	0.0018226041525362534	2.0
34.0	28.0	0.004962725664851034	2.0
54.0	28.0	0.0018161465263185944	2.0
49.0	28.0	0.00576100005054537	2.0
97.0	28.0	0.00020169098146350484	2.0
70.0	28.0	0.004380849984743326	2.0
62.0	28.0	0.0004085199715396364	2.0
81.0	28.0	0.0035328066597568493	2.0
82.0	29.0	0.004380018520234598	2.0
13.0	29.0	0.0023951880454498643	2.0
20.0	29.0	0.0006064887774193877	2.0
70.0	29.0	0.005691589607909889	2.0
83.0	29.0	0.0029200092278656785	2.0
49.0	29.0	0.0018649307954567305	2.0
78.0	29.0	0.0022937696081927832	2.0
35.0	29.0	0.0027660632121163323	2.0
90.0	29.0	0.004016093267635294	2.0
48.0	29.0	0.0008681314129187925	2.0
66.0	30.0	0.005043899985914427	2.0
71.0	30.0	0.004783995678217878	2.0
69.0	30.0	0.0002657296681104544	2.0
51.0	30.0	0.0028233271639482136	2.0
80.0	30.0	0.003189175394768903	2.0
29.0	30.0	0.00553574523207586	2.0
49.0	30.0	0.005067275213226365	2.0
9.0	30.0	0.002095918458576788	2.0
19.0	30.0	0.0028075200939001485	2.0
50.0	30.0	0.005586248847429197	2.0
9.0	31.0	0.0019731527096451366	2.0
25.0	31.0	0.0036308291740416456	2.0
40.0	31.0	0.0013296405775506445	2.0
55.0	31.0	0.0034780832941772397	2.0
58.0	31.0	0.00022077170394256584	2.0
24.0	31.0	0.004766008584948188	2.0
54.0	31.0	0.005143360281346538	2.0
20.0	31.0	0.0032817557023540516	2.0
99.0	31.0	0.003260157670797091	2.0
90.0	31.0	0.0019242649635209759	2.0
85.0	32.0	0.0004185162415817547	2.0
58.0	32.0	0.00046092321762762503	2.0
69.0	32.0	6.990497262947116e-05	2.0
86.0	32.0	0.003673405709513418	2.0
88.0	32.0	0.00310846282886062	2.0
55.0	32.0	0.004487207993754725	2.0
94.0	32.0	0.0037083926724705246	2.0
46.0	32.0	0.005783899797337498	2.0
60.0	32.0	0.0020194609890762595	2.0
35.0	32.0	0.004617198989142389	2.0
19.0	33.0	0.0013719339326589276	2.0
24.0	33.0	0.0028072246713857765	2.0
21.0	33.0	0.002308704811291951	2.0
53.0	33.0	0.005420862936055533	2.0
50.0	33.0	0.0010233606525114937	2.0
82.0	33.0	0.005319342924149227	2.0
44.0	33.0	0.0025402395142082876	2.0
33.0	33.0	0.00010049409896492034	2.0
47.0	33.0	0.00449450849716842	2.0
56.0	33.0	0.005349872197707986	2.0
99.0	34.0	0.005711550123176836	2.0
28.0	34.0	0.0038686326818002732	2.0
25.0	34.0	0.0008126466439299689	2.0
53.0	34.0	0.0041478288986247025	2.0
22.0	34.0	0.004016232716763297	2.0
18.0	34.0	0.004352622023593768	2.0
76.0	34.0	0.005508291144079681	2.0
94.0	34.0	0.005276414476496374	2.0
67.0	34.0	0.002470711852353834	2.0
27.0	34.0	0.0034964459489525562	2.0
47.0	35.0	0.005284333257280773	2.0
3.0	35.0	0.004102012256731417	2.0
26.0	35.0	0.005510681279770648	2.0
34.0	35.0	0.0027452685741649625	2.0
27.0	35.0	0.0038056581395178265	2.0
5.0	35.0	0.0031228961712919585	2.0
12.0	35.0	0.005888563761724415	2.0
61.0	35.0	0.005861095852538155	2.0
57.0	35.0	0.0039095382148356846	2.0
96.0	35.0	0.001543155160592826	2.0
35.0	36.0	0.0003042898258952238	2.0
48.0	36.0	0.0018013294196142695	2.0
86.0	36.0	0.00556016027200179	2.0
16.0	36.0	0.002996531070218553	2.0
89.0	36.0	0.00434132994474521	2.0
3.0	36.0	0.00451887845209792	2.0
31.0	36.0	0.0026445089827963194	2.0
1.0	36.0	0.004040359700827939	2.0
96.0	36.0	0.0008818980573698507	2.0
81.0	36.0	0.00076587487403286	2.0
48.0	37.0	0.00010178428229383085	2.0
11.0	37.0	0.005944489599954717	2.0
54.0	37.0	0.0022222965432997363	2.0
8.0	37.0	0.003402738531258484	2.0
63.0	37.0	0.0012081296035202768	2.0
74.0	37.0	0.0030870854742115956	2.0
17.0	37.0	0.0021725754246964277	2.0
44.0	37.0	0.0025750366907282534	2.0
38.0	37.0	0.0028144723908459022	2.0
98.0	37.0	0.0024120262010758216	2.0
48.0	38.0	0.0017665076129381953	2.0
25.0	38.0	0.0007150262324558288	2.0
95.0	38.0	0.004924064784783963	2.0
67.0	38.0	0.0022562185161437696	2.0
37.0	38.0	0.00020853461965683628	2.0
35.0	38.0	0.004216959429039782	2.0
1.0	38.0	0.004378763405861715	2.0
58.0	38.0	0.0008151268032123411	2.0
15.0	38.0	0.0010690895671803494	2.0
29.0	38.0	0.005849826032780985	2.0
85.0	39.0	0.0004428199676660665	2.0
10.0	39.0	0.005309106575124564	2.0
60.0	39.0	0.0008164578902645761	2.0
44.0	39.0	0.005488330514560994	2.0
72.0	39.0	0.005143046022194852	2.0
5.0	39.0	0.005989822384261279	2.0
29.0	39.0	0.005271621729825017	2.0
26.0	39.0	0.005763942978339898	2.0
34.0	39.0	0.0020848022812991057	2.0
11.0	39.0	0.0031986254093657345	2.0
10.0	40.0	0.001755965499237828	2.0
74.0	40.0	0.0028273378353857793	2.0
16.0	40.0	0.0014804458086092314	2.0
20.0	40.0	0.00033661356812308594	2.0
70.0	40.0	0.0014467253627250293	2.0
69.0	40.0	0.0003829969222688945	2.0
60.0	40.0	0.005878055879219363	2.0
87.0	40.0	0.0034279219423030806	2.0
80.0	40.0	0.0037171785137350786	2.0
94.0	40.0	0.005410956557235985	2.0
80.0	41.0	0.005260289612935167	2.0
73.0	41.0	0.003282404212730939	2.0
27.0	41.0	0.0018271250287068097	2.0
61.0	41.0	0.004199469364852342	2.0
78.0	41.0	0.0002709154817980304	2.0
5.0	41.0	0.0007904512756320159	2.0
56.0	41.0	0.003996111758003382	2.0
0.0	41.0	0.0008834583443374527	2.0
94.0	41.0	0.002684034964523776	2.0
48.0	41.0	0.0031139881218138874	2.0
43.0	42.0	0.000777185410319436	2.0
66.0	42.0	0.004093104197427291	2.0
30.0	42.0	0.002985863805517378	2.0
83.0	42.0	0.0017148002381064229	2.0
33.0	42.0	0.0014190082191628533	2.0
27.0	42.0	0.005616612303523552	2.0
44.0	42.0	0.003471896881853747	2.0
39.0	42.0	0.003106292358626357	2.0
8.0	42.0	0.005776856194679522	2.0
94.0	42.0	0.0004220327499952572	2.0
63.0	43.0	0.004998998015681379	2.0
75.0	43.0	0.0023819122574119875	2.0
44.0	43.0	0.002817575125598562	2.0
2.0	43.0	0.0038611217038870393	2.0
15.0	43.0	0.0034063770791891677	2.0
34.0	43.0	0.005790939500509677	2.0
88.0	43.0	0.0004637786874503771	2.0
68.0	43.0	0.00036581681368604913	2.0
83.0	43.0	0.005214416418640247	2.0
70.0	43.0	0.0011796557742173826	2.0
35.0	44.0	0.0022797776829499017	2.0
68.0	44.0	0.00030366628264322194	2.0
57.0	44.0	0.005656982991834452	2.0
60.0	44.0	0.004526207106173767	2.0
44.0	44.0	0.0009016027405582104	2.0
78.0	44.0	0.0022097695950143038	2.0
59.0	44.0	0.0054531667470612425	2.0
80.0	44.0	0.0005195227082088321	2.0
67.0	44.0	0.0033464316350919378	2.0
98.0	44.0	0.005014218412509082	2.0
41.0	45.0	0.0015490889701469705	2.0
3.0	45.0	0.0033428786653239132	2.0
99.0	45.0	0.0038627372811185444	2.0
50.0	45.0	0.0013007585568698024	2.0
61.0	45.0	0.0005429671903361324	2.0
40.0	45.0	0.0010636204371581733	2.0
44.0	45.0	0.0013617269260924863	2.0
51.0	45.0	0.00384724625780733	2.0
18.0	45.0	0.005269139379301147	2.0
21.0	45.0	0.004799746090900321	2.0
70.0	46.0	0.004226496989578476	2.0
88.0	46.0	0.0018207655468370349	2.0
67.0	46.0	0.0017475513164034752	2.0
31.0	46.0	0.004915779618972038	2.0
63.0	46.0	0.00260017249737629	2.0
79.0	46.0	0.003332570012184301	2.0
72.0	46.0	0.0015646514328391799	2.0
37.0	46.0	0.005249936349511926	2.0
52.0	46.0	0.004023455551335056	2.0
68.0	46.0	0.0031350407112450815	2.0
3.0	47.0	0.0017716883316174067	2.0
15.0	47.0	0.0011547314419345254	2.0
24.0	47.0	0.00012417147040714617	2.0
93.0	47.0	0.0043079840136202845	2.0
84.0	47.0	0.005052437040647434	2.0
57.0	47.0	0.002233140748950182	2.0
6.0	47.0	0.005694615334686605	2.0
34.0	47.0	0.004335141842278392	2.0
17.0	47.0	0.0011494726566626356	2.0
95.0	47.0	0.0027476778721732954	2.0
80.0	48.0	0.00030714121238300575	2.0
13.0	48.0	0.0001860253775735081	2.0
85.0	48.0	0.0013507424115912275	2.0
50.0	48.0	0.005863427202980898	2.0
4.0	48.0	0.0006995947254723522	2.0
15.0	48.0	0.00014949162351068467	2.0
84.0	48.0	0.003859905985231048	2.0
12.0	48.0	0.004385634351683441	2.0
33.0	48.0	0.005739370047690576	2.0
71.0	48.0	0.002470413410486565	2.0
13.0	49.0	0.003832907810503397	2.0
54.0	49.0	0.0031082181739892365	2.0
41.0	49.0	0.0002616632423943586	2.0
24.0	49.0	0.0007177992410993339	2.0
8.0	49.0	0.005351954534099101	2.0
63.0	49.0	0.00464392269682757	2.0
26.0	49.0	0.003656663404473515	2.0
58.0	49.0	0.005677801088563064	2.0
68.0	49.0	0.0033312369247176597	2.0
83.0	49.0	0.0027911223509486755	2.0
61.0	50.0	0.005174265827383911	2.0
77.0	50.0	0.0029897330880644924	2.0
41.0	50.0	0.0009602504543501	2.0
66.0	50.0	0.002252035097028375	2.0
1.0	50.0	0.0027696518166071067	2.0
98.0	50.0	0.003381601024856708	2.0
90.0	50.0	0.0002829195406336893	2.0
35.0	50.0	0.003653141455125194	2.0
31.0	50.0	0.00415781087920385	2.0
83.0	50.0	0.005411438301337894	2.0
84.0	51.0	0.005945555929123811	2.0
12.0	51.0	0.0011601311302727984	2.0
64.0	51.0	0.0003764039614354282	2.0
67.0	51.0	0.003972015216688938	2.0
29.0	51.0	0.003976724390241637	2.0
39.0	51.0	0.0022713675221407398	2.0
54.0	51.0	0.003308026796490299	2.0
45.0	51.0	0.004827529899393378	2.0
31.0	51.0	0.0015069293881182974	2.0
86.0	51.0	0.003531836723789177	2.0
27.0	52.0	0.0006071342959460722	2.0
64.0	52.0	0.0013080325151514985	2.0
48.0	52.0	0.0007791728199037171	2.0
32.0	52.0	0.003987307062548609	2.0
37.0	52.0	0.0016987279194340195	2.0
95.0	52.0	0.0052479704007468994	2.0
23.0	52.0	0.003751945656666905	2.0
47.0	52.0	0.0031980721996883047	2.0
49.0	52.0	0.0023369950051733523	2.0
5.0	52.0	0.004616026552109555	2.0
9.0	53.0	0.0012811125868440578	2.0
88.0	53.0	0.005312795996107519	2.0
92.0	53.0	0.005692924495256196	2.0
91.0	53.0	0.004491537486894997	2.0
98.0	53.0	9.941123465700174e-05	2.0
13.0	53.0	0.004860669246369104	2.0
28.0	53.0	0.0013942261338734064	2.0
67.0	53.0	0.0036211128900789672	2.0
85.0	53.0	0.0012782259478212768	2.0
64.0	53.0	0.0049963755480011175	2.0
32.0	54.0	0.0010047883801874425	2.0
9.0	54.0	0.001106022000280858	2.0
25.0	54.0	0.0023953365084293295	2.0
45.0	54.0	0.004661201490818539	2.0
35.0	54.0	0.0043281294310111625	2.0
72.0	54.0	0.0020987847897462396	2.0
41.0	54.0	0.00396713795625737	2.0
68.0	54.0	0.004299543018356768	2.0
27.0	54.0	0.0030047442533732015	2.0
36.0	54.0	0.0009470076249615472	2.0
50.0	55.0	0.00550359893898876	2.0
98.0	55.0	0.004070153243457086	2.0
12.0	55.0	0.00019724468024597664	2.0
90.0	55.0	0.0016214438486637233	2.0
2.0	55.0	0.002382334409331082	2.0
8.0	55.0	0.005970705424834313	2.0
63.0	55.0	0.0057558019360933734	2.0
13.0	55.0	0.004525310297131694	2.0
11.0	55.0	0.0049094555589337	2.0
21.0	55.0	0.004470311553812404	2.0
3.0	56.0	0.0026764357773786216	2.0
73.0	56.0	0.004487932573262794	2.0
30.0	56.0	0.004398093328433317	2.0
76.0	56.0	0.0023057431181045343	2.0
32.0	56.0	0.003496232089530779	2.0
84.0	56.0	0.0036833101189706363	2.0
93.0	56.0	0.0012265874111992191	2.0
29.0	56.0	0.005609153972849046	2.0
58.0	56.0	0.0002510407611042356	2.0
19.0	56.0	0.00377069961115362	2.0
10.0	57.0	0.0032905488086970836	2.0
32.0	57.0	0.0017462485410439006	2.0
7.0	57.0	0.0021907854259229282	2.0
41.0	57.0	0.004867864062912579	2.0
64.0	57.0	0.0013010215089115432	2.0
81.0	57.0	0.004608311634251673	2.0
29.0	57.0	0.0013100631813183767	2.0
21.0	57.0	0.0002476796946386257	2.0
43.0	57.0	0.0021270420547410958	2.0
57.0	57.0	0.0024214101444446495	2.0
48.0	58.0	0.0043624969712953675	2.0
24.0	58.0	0.00589677553310351	2.0
88.0	58.0	0.004097068948097387	2.0
83.0	58.0	0.0003100521767848872	2.0
69.0	58.0	0.00016620929734693002	2.0
35.0	58.0	0.0006541894304264595	2.0
84.0	58.0	0.0012040101976435928	2.0
94.0	58.0	0.0038006474291457314	2.0
8.0	58.0	0.003470550979006948	2.0
80.0	58.0	0.0035692567406885897	2.0
70.0	59.0	0.0024058936706347882	2.0
20.0	59.0	0.00525566481539791	2.0
79.0	59.0	0.0035261827163139683	2.0
43.0	59.0	0.00041617921951770054	2.0
7.0	59.0	0.00546251233029153	2.0
72.0	59.0	0.003028138946375301	2.0
94.0	59.0	0.0040943706201307835	2.0
15.0	59.0	0.002088462296121772	2.0
33.0	59.0	0.0012668352507068726	2.0
41.0	59.0	0.001479741104348132	2.0
19.0	60.0	0.0035284459326501857	2.0
28.0	60.0	0.004425811443938655	2.0
12.0	60.0	0.0024733078639446455	2.0
79.0	60.0	0.001992930678352636	2.0
31.0	60.0	0.005769013082615802	2.0
50.0	60.0	0.004169292545036025	2.0
42.0	60.0	0.003916533404913244	2.0
6.0	60.0	0.0034376449405703374	2.0
3.0	60.0	0.005467237854953464	2.0
9.0	60.0	0.0022986822950422513	2.0
93.0	61.0	0.0032196157672866195	2.0
87.0	61.0	0.0011662426893216883	2.0
19.0	61.0	0.005798867793993209	2.0
82.0	61.0	0.004721075223610245	2.0
40.0	61.0	0.005611706966974384	2.0
11.0	61.0	0.0008062610946550088	2.0
98.0	61.0	0.002767940560633388	2.0
68.0	61.0	0.00027657636555155187	2.0
3.0	61.0	0.004224646388179279	2.0
73.0	61.0	0.003481499287172406	2.0
87.0	62.0	0.004666934220353629	2.0
22.0	62.0	0.0030947170883312202	2.0
20.0	62.0	0.0016951799450121727	2.0
94.0	62.0	0.0016138780684280655	2.0
84.0	62.0	0.005988858087865042	2.0
48.0	62.0	0.0019810757632191256	2.0
21.0	62.0	0.004721468838764563	2.0
42.0	62.0	0.00492457830867274	2.0
34.0	62.0	0.005292172090197614	2.0
91.0	62.0	0.003354331313867803	2.0
57.0	63.0	0.0025220384965940353	2.0
40.0	63.0	0.0041698196780504465	2.0
84.0	63.0	0.004950404915715735	2.0
69.0	63.0	0.005521287843584973	2.0
36.0	63.0	0.004440471782596552	2.0
0.0	63.0	0.0030089190498037654	2.0
63.0	63.0	0.0009263777118282311	2.0
53.0	63.0	0.0031463112973380974	2.0
17.0	63.0	0.0019696196073208006	2.0
44.0	63.0	0.005012405013637703	2.0
91.0	64.0	0.002327421414801736	2.0
66.0	64.0	0.0034612156323727567	2.0
8.0	64.0	0.005530443396261207	2.0
33.0	64.0	0.0014931093134048202	2.0
69.0	64.0	0.004268538961038801	2.0
2.0	64.0	0.004835696738544764	2.0
21.0	64.0	0.0053989725595640315	2.0
26.0	64.0	0.003773642963397016	2.0
78.0	64.0	0.004520466985389696	2.0
74.0	64.0	0.0014449398296243175	2.0
31.0	65.0	0.0058086388207628905	2.0
76.0	65.0	0.004299844107876203	2.0
62.0	65.0	0.004778335206413829	2.0
26.0	65.0	0.004680959492517178	2.0
5.0	65.0	0.005349605016543324	2.0
89.0	65.0	0.004126277190395072	2.0
74.0	65.0	0.0007077133325901619	2.0
88.0	65.0	0.003591325548888472	2.0
94.0	65.0	0.004102807331743339	2.0
0.0	65.0	0.005894425472045958	2.0
41.0	66.0	0.004796582822914436	2.0
22.0	66.0	0.0036939184501220304	2.0
36.0	66.0	0.00016769522257087922	2.0
66.0	66.0	0.0038316093573512837	2.0
48.0	66.0	0.0007464737067587821	2.0
79.0	66.0	0.002348649852969518	2.0
20.0	66.0	0.005851590596931071	2.0
25.0	66.0	0.0027627555202498033	2.0
99.0	66.0	0.0022662035068442186	2.0
83.0	66.0	0.005582646850432287	2.0
64.0	67.0	0.004088054704763055	2.0
61.0	67.0	0.0011901701871547183	2.0
27.0	67.0	0.001964141058457806	2.0
17.0	67.0	0.0010549566899577172	2.0
40.0	67.0	0.0024312850346184848	2.0
21.0	67.0	0.005767778558605228	2.0
92.0	67.0	0.004058728758251167	2.0
52.0	67.0	0.004520137282401601	2.0
51.0	67.0	0.004153563542182354	2.0
18.0	67.0	0.0016634318695792896	2.0
67.0	68.0	0.004182488537267435	2.0
6.0	68.0	0.0012001705052155343	2.0
28.0	68.0	0.003692401092936042	2.0
21.0	68.0	0.0005575124735915629	2.0
74.0	68.0	0.0016535242221592389	2.0
13.0	68.0	0.003516733305602851	2.0
70.0	68.0	0.0017888403614446187	2.0
7.0	68.0	0.0018990581498103943	2.0
25.0	68.0	0.001221626140307528	2.0
92.0	68.0	0.00010371116885827947	2.0
22.0	69.0	0.004536918179869534	2.0
83.0	69.0	0.005617547796520196	2.0
62.0	69.0	0.00030186315806461964	2.0
13.0	69.0	0.0004765504469068933	2.0
33.0	69.0	0.002463573519160508	2.0
25.0	69.0	0.00583054616149944	2.0
81.0	69.0	0.0028693835550556344	2.0
41.0	69.0	0.005836922798313304	2.0
23.0	69.0	0.002208260684888264	2.0
43.0	69.0	0.0006950887007303149	2.0
44.0	70.0	0.00022525237985817205	2.0
85.0	70.0	0.0026757101792834167	2.0
92.0	70.0	0.001605553852797607	2.0
39.0	70.0	0.0012277970954999683	2.0
8.0	70.0	0.002946936850665705	2.0
67.0	70.0	0.004365738326720259	2.0
18.0	70.0	0.0013735398512011111	2.0
88.0	70.0	0.005108223007835157	2.0
53.0	70.0	0.005616633243368701	2.0
52.0	70.0	0.00262873930561462	2.0
33.0	71.0	0.005176643543454256	2.0
39.0	71.0	0.0018856594484328007	2.0
45.0	71.0	0.004158601710812519	2.0
48.0	71.0	0.0020714432330799296	2.0
60.0	71.0	0.005928493667366843	2.0
92.0	71.0	0.001691401553992066	2.0
19.0	71.0	0.004864107146502332	2.0
58.0	71.0	2.6133725629002627e-05	2.0
21.0	71.0	0.003612381497933175	2.0
32.0	71.0	0.00027073950087515096	2.0
13.0	72.0	0.0034078660946690728	2.0
42.0	72.0	0.00373050157609582	2.0
41.0	72.0	0.0038500500114178274	2.0
0.0	72.0	0.001234698932929825	2.0
9.0	72.0	0.0013782197218067777	2.0
94.0	72.0	0.0019089736629046084	2.0
70.0	72.0	0.003869487350248004	2.0
7.0	72.0	0.00027216549704339954	2.0
63.0	72.0	0.0004168163774942255	2.0
17.0	72.0	0.005377242879424303	2.0
44.0	73.0	0.0028364911509052466	2.0
10.0	73.0	0.0025447939684399446	2.0
84.0	73.0	0.0013772861054402216	2.0
82.0	73.0	0.003845963867196269	2.0
68.0	73.0	0.0006340080486542718	2.0
27.0	73.0	0.004165055649285417	2.0
7.0	73.0	0.0011794226428627934	2.0
91.0	73.0	0.003603373362332836	2.0
22.0	73.0	0.0009079296288259093	2.0
8.0	73.0	0.004066908639092855	2.0
82.0	74.0	0.0005269846646065702	2.0
63.0	74.0	0.0010443503140935583	2.0
90.0	74.0	0.005217347953436738	2.0
56.0	74.0	0.004806628193275843	2.0
99.0	74.0	0.0021177312383413175	2.0
52.0	74.0	0.005894597363453758	2.0
45.0	74.0	0.0023192137482343	2.0
96.0	74.0	0.0014706709797052448	2.0
47.0	74.0	0.005701882937256017	2.0
67.0	74.0	0.0020157647469935354	2.0
12.0	75.0	0.0009109289234450293	2.0
43.0	75.0	0.005818579053984939	2.0
82.0	75.0	0.0022712408030926864	2.0
37.0	75.0	0.0031513240860359553	2.0
6.0	75.0	0.0027211969154141854	2.0
88.0	75.0	0.001814089424814696	2.0
35.0	75.0	0.0026161973039203396	2.0
28.0	75.0	0.0008896744762099851	2.0
4.0	75.0	0.0027433384163552685	2.0
7.0	75.0	0.003957036225237461	2.0
0.0	76.0	0.0038474294358479206	2.0
54.0	76.0	0.00143323619310219	2.0
45.0	76.0	0.0007612609096374372	2.0
36.0	76.0	0.003652686627293486	2.0
49.0	76.0	0.001550135101202603	2.0
4.0	76.0	0.00593611268698433	2.0
61.0	76.0	0.002641343410441127	2.0
1.0	76.0	0.0019381207418429204	2.0
16.0	76.0	0.002541150526530642	2.0
18.0	76.0	0.0025347744794307703	2.0
63.0	77.0	0.002206845641715428	2.0
78.0	77.0	0.0005020644795912963	2.0
10.0	77.0	0.0008022803731553081	2.0
86.0	77.0	0.0034661501937014887	2.0
16.0	77.0	0.0027873807581865182	2.0
33.0	77.0	0.0046355454028395296	2.0
18.0	77.0	0.004663130230063979	2.0
17.0	77.0	0.003990424615341279	2.0
66.0	77.0	0.004359516844058769	2.0
94.0	77.0	0.0014870180050158017	2.0
57.0	78.0	0.0055181286397092515	2.0
40.0	78.0	0.0008408902652551677	2.0
63.0	78.0	0.0003382933546803322	2.0
43.0	78.0	0.0024784236441281124	2.0
0.0	78.0	0.0055809226019670755	2.0
56.0	78.0	0.00037316319148678013	2.0
67.0	78.0	0.0038499885506412747	2.0
74.0	78.0	0.004525766301317713	2.0
10.0	78.0	0.0026891336407064642	2.0
98.0	78.0	0.0005972938825256098	2.0
55.0	79.0	0.00570529386184955	2.0
27.0	79.0	0.00515756353051088	2.0
78.0	79.0	0.0025880185342523595	2.0
86.0	79.0	0.0008414014186603605	2.0
93.0	79.0	0.002391571645705684	2.0
39.0	79.0	0.0020274651018857316	2.0
98.0	79.0	0.0038897754223492	2.0
13.0	79.0	0.0013796575648520777	2.0
3.0	79.0	0.0046491583026947985	2.0
50.0	79.0	0.005315367958274262	2.0
58.0	80.0	0.0029177628980528564	2.0
48.0	80.0	0.00558802459430142	2.0
8.0	80.0	0.0032005870822084557	2.0
32.0	80.0	0.0017074749455741845	2.0
67.0	80.0	0.0001173406080493975	2.0
80.0	80.0	0.003878888399969127	2.0
23.0	80.0	0.005160230539646683	2.0
25.0	80.0	0.0008607573488907195	2.0
81.0	80.0	0.0003017943985214611	2.0
90.0	80.0	0.0015623912804758524	2.0
64.0	81.0	0.0036819964733590476	2.0
38.0	81.0	0.005169120083168875	2.0
5.0	81.0	0.005805029354265687	2.0
29.0	81.0	0.0010507531713459157	2.0
62.0	81.0	0.0018889948321993385	2.0
86.0	81.0	0.003753424849242805	2.0
39.0	81.0	0.004643050539188706	2.0
27.0	81.0	0.004547886947672508	2.0
60.0	81.0	0.0012123717718609914	2.0
49.0	81.0	0.0024045280555573204	2.0
19.0	82.0	0.004021746069070643	2.0
16.0	82.0	0.0031658775263923543	2.0
74.0	82.0	0.005557953425108051	2.0
33.0	82.0	0.0039779514565044275	2.0
48.0	82.0	0.004765793368228223	2.0
36.0	82.0	0.0041745929087003706	2.0
92.0	82.0	0.0008904181167194938	2.0
24.0	82.0	0.0018390941699188742	2.0
11.0	82.0	0.004670451310481295	2.0
88.0	82.0	0.004004951731940591	2.0
38.0	83.0	0.005156953883309718	2.0
91.0	83.0	0.00410701069895136	2.0
14.0	83.0	0.005448245288342611	2.0
63.0	83.0	0.003977915085044718	2.0
20.0	83.0	0.004317079357264635	2.0
21.0	83.0	0.004924235403503513	2.0
2.0	83.0	0.005903171995806366	2.0
26.0	83.0	0.0001535781016285156	2.0
87.0	83.0	0.00274943349483464	2.0
70.0	83.0	0.003218972372267652	2.0
12.0	84.0	0.0034112814037753287	2.0
77.0	84.0	0.0034483254931781124	2.0
64.0	84.0	0.0028044136480494955	2.0
62.0	84.0	0.0009652934295888005	2.0
94.0	84.0	0.003472704195016481	2.0
95.0	84.0	0.0037058139832157884	2.0
30.0	84.0	0.002565332604530243	2.0
1.0	84.0	0.0034811683995508457	2.0
7.0	84.0	7.66821140902263e-05	2.0
93.0	84.0	0.0007050053938731085	2.0
6.0	85.0	0.004723047179863088	2.0
45.0	85.0	0.0001777919944215729	2.0
63.0	85.0	0.003457630286883329	2.0
43.0	85.0	0.003979453795673139	2.0
75.0	85.0	0.0010092063228782557	2.0
19.0	85.0	0.0015445605398656398	2.0
32.0	85.0	0.0018437178680785556	2.0
86.0	85.0	0.0008906672833264541	2.0
8.0	85.0	0.002058462098247719	2.0
39.0	85.0	0.0026024139236310107	2.0
1.0	86.0	0.0038159620267261126	2.0
80.0	86.0	0.0028655527383022682	2.0
82.0	86.0	0.002773362689159064	2.0
4.0	86.0	0.005195286862304376	2.0
41.0	86.0	0.000749881820135407	2.0
31.0	86.0	0.0033954508988656706	2.0
87.0	86.0	0.005991179919342553	2.0
15.0	86.0	0.003912445896446076	2.0
9.0	86.0	0.005534074673533252	2.0
46.0	86.0	0.005300033756159387	2.0
81.0	87.0	0.002566633995896055	2.0
26.0	87.0	0.0006072664789485205	2.0
52.0	87.0	0.0032080345343235227	2.0
68.0	87.0	0.0015928978501704228	2.0
29.0	87.0	0.0031358059077364665	2.0
14.0	87.0	0.005117925856137007	2.0
74.0	87.0	0.002081270947752418	2.0
16.0	87.0	0.005812702762317533	2.0
51.0	87.0	6.225057814806157e-05	2.0
4.0	87.0	0.0019450209433934538	2.0
58.0	88.0	0.0018569473997093189	2.0
14.0	88.0	0.005743750467751798	2.0
11.0	88.0	0.0008180957236253608	2.0
36.0	88.0	0.005233333344865197	2.0
95.0	88.0	0.0023880010860832163	2.0
38.0	88.0	0.004620280702860461	2.0
57.0	88.0	0.003556569286837022	2.0
55.0	88.0	0.005815579158858194	2.0
41.0	88.0	0.00039737145255358276	2.0
16.0	88.0	0.001010115069772793	2.0
77.0	89.0	0.004368431784668151	2.0
75.0	89.0	0.003064717006929108	2.0
79.0	89.0	0.004932843211807157	2.0
21.0	89.0	0.0009450916277099499	2.0
25.0	89.0	0.0005957891706621079	2.0
98.0	89.0	1.1123845678130185e-05	2.0
81.0	89.0	0.0012896905148709243	2.0
31.0	89.0	0.002111411068700708	2.0
36.0	89.0	0.002608038816302612	2.0
58.0	89.0	0.003223269382084112	2.0
48.0	90.0	0.0035460366402311505	2.0
85.0	90.0	0.003090160462608246	2.0
2.0	90.0	0.003736399521289939	2.0
13.0	90.0	0.00262793759029459	2.0
82.0	90.0	0.005123717228043074	2.0
93.0	90.0	0.0027791883565871293	2.0
64.0	90.0	0.0007297228041273381	2.0
68.0	90.0	0.002197339165107378	2.0
78.0	90.0	0.0038537234724830985	2.0
75.0	90.0	0.0036312400429778222	2.0
82.0	91.0	0.005171572070674942	2.0
26.0	91.0	0.0023965433191631314	2.0
13.0	91.0	0.0020698729322662516	2.0
11.0	91.0	0.004657138813674093	2.0
4.0	91.0	0.0033087231813630673	2.0
35.0	91.0	0.002767354848621062	2.0
18.0	91.0	0.0026717250729259815	2.0
3.0	91.0	0.005881365441314924	2.0
70.0	91.0	0.003217899004807845	2.0
53.0	91.0	0.005419977834852504	2.0
37.0	92.0	0.00024605360563355495	2.0
18.0	92.0	0.005030241063611296	2.0
87.0	92.0	0.004146013116958755	2.0
29.0	92.0	0.005438146102063654	2.0
79.0	92.0	0.004430120373803636	2.0
46.0	92.0	0.00387741278676019	2.0
56.0	92.0	0.0006357317419331333	2.0
41.0	92.0	0.0016240149103458018	2.0
2.0	92.0	0.0024306073920119247	2.0
4.0	92.0	0.0018998723560368022	2.0
4.0	93.0	0.000809950444711167	2.0
7.0	93.0	0.0036245175363728466	2.0
29.0	93.0	0.002387979781012233	2.0
47.0	93.0	0.004030222554687813	2.0
0.0	93.0	0.0025277807964694103	2.0
91.0	93.0	0.0029674697364765017	2.0
85.0	93.0	0.0023795151343401484	2.0
57.0	93.0	0.003981036421801007	2.0
37.0	93.0	0.004706085200011712	2.0
97.0	93.0	0.0016623624943730214	2.0
20.0	94.0	0.002959586656609051	2.0
24.0	94.0	0.002176612970074294	2.0
0.0	94.0	0.0038896819475012162	2.0
13.0	94.0	0.004165428476096781	2.0
94.0	94.0	2.625648988163487e-05	2.0
11.0	94.0	0.0021944983578950435	2.0
41.0	94.0	0.005412766647921706	2.0
72.0	94.0	0.0037948458825192303	2.0
85.0	94.0	0.0034017624368857494	2.0
21.0	94.0	0.0023185831185777383	2.0
39.0	95.0	0.004319090779661747	2.0
11.0	95.0	0.001322698955412591	2.0
92.0	95.0	0.0034745614447457066	2.0
99.0	95.0	0.003068103030759183	2.0
62.0	95.0	0.005948104609058421	2.0
3.0	95.0	0.005910377037545619	2.0
44.0	95.0	0.0013426575926549804	2.0
75.0	95.0	0.004349764764716078	2.0
86.0	95.0	0.005636427342919067	2.0
84.0	95.0	0.0033709749247187006	2.0
72.0	96.0	0.0020055659208857842	2.0
44.0	96.0	0.0006060127907032477	2.0
58.0	96.0	0.005577137423137505	2.0
52.0	96.0	0.003966183439256807	2.0
56.0	96.0	0.002384393322570748	2.0
86.0	96.0	0.0037427117415977894	2.0
97.0	96.0	0.0022537410017546833	2.0
4.0	96.0	0.0008296454392795223	2.0
47.0	96.0	0.005876259288050585	2.0
29.0	96.0	0.00495081117172447	2.0
85.0	97.0	0.003752450822033544	2.0
16.0	97.0	0.000282211171508727	2.0
19.0	97.0	0.005644709540426053	2.0
53.0	97.0	0.0005878303604339108	2.0
21.0	97.0	0.00010481433636087955	2.0
91.0	97.0	0.0021514397573803488	2.0
76.0	97.0	0.0038576525404331	2.0
36.0	97.0	0.005560374202393231	2.0
80.0	97.0	0.0015660827487778046	2.0
93.0	97.0	0.0024361686122110295	2.0
87.0	98.0	0.0023828283197129207	2.0
38.0	98.0	0.0008150536652875041	2.0
28.0	98.0	0.004756256396677086	2.0
16.0	98.0	0.0025656412187042535	2.0
53.0	98.0	0.0009345104135673268	2.0
86.0	98.0	0.0022812803818280485	2.0
12.0	98.0	0.0034101521369837764	2.0
78.0	98.0	0.005098093974643798	2.0
29.0	98.0	0.004046529752447559	2.0
56.0	98.0	0.003460628715809347	2.0
61.0	99.0	0.004088012401502393	2.0
72.0	99.0	0.0020781536734225756	2.0
94.0	99.0	0.000402333650348115	2.0
26.0	99.0	0.004005534423131737	2.0
10.0	99.0	0.0037077435993054355	2.0
42.0	99.0	0.0008492141378079321	2.0
88.0	99.0	0.0034766404754540438	2.0
48.0	99.0	0.0010920422144054555	2.0
37.0	99.0	0.00455088681828232	2.0
22.0	99.0	0.005066131375453013	2.0
